,lambda (Angstroms),Total Flux (erg/s/cm^2/Angstrom)
0,101.98,0.005234193339261193
1,104.11999999999999,0.006241290116773948
2,104.712855,0.006520307667609363
3,106.05,0.005995432533594768
4,108.03,0.005218273196746188
5,110.03,0.004433487177471864
6,113.9,0.0029147427873405488
7,117.9,0.0013451019071919039
8,120.22644299999999,0.00043814468582474743
9,120.92999999999999,0.0004273123931858741
10,124.89,0.00035857598173208644
11,126.92,0.00032313937384037214
12,128.09,0.00030294975318357123
13,131.08,0.0002508443037273022
14,131.99,0.00023805366432756828
15,134.13,0.000200937551673249
16,136.94,0.00015717890001033406
17,138.038426,0.00013845639132627397
18,140.13,0.00013946154718751317
19,143.06,0.00020524069841405915
20,147.07,0.00036613191292547524
21,150.84,0.00038876801559580915
22,155.07,0.00041716017429488405
23,158.489319,0.0004445481145112802
24,159.04999999999998,0.00044884604433906804
25,162.0,0.00047157504856235055
26,166.16,0.0005102071996026406
27,170.03,0.0005421542410752179
28,173.19,0.0005708799211923613
29,176.82,0.0006062584616433834
30,180.10999999999999,0.0006332131839805358
31,181.970086,0.0006514860925041727
32,182.19,0.0006539330225522692
33,186.01,0.0006984073779386854
34,191.22,0.0007559288964107346
35,193.88,0.0007972900538264066
36,197.94,0.0008433674467240112
37,202.08,0.000897771418792012
38,204.89000000000001,0.0009374827621521768
39,208.929613,0.000955725900564419
40,210.14999999999998,0.0009632012023081713
41,216.04000000000002,0.0010937471768250704
42,220.05,0.0011634045708510065
43,223.11,0.0011966577593097011
44,226.74,0.0012709260711087406
45,229.89,0.0018886246474632792
46,234.17000000000002,0.003147061205176747
47,239.88329199999998,0.003861478082717215
48,240.17,0.0038963220403366735
49,245.77,0.003726277838125479
50,252.07,0.003982974735637886
51,256.76,0.0034076227037860107
52,259.73,0.003917649312613288
53,263.95,0.004118327170946995
54,268.86,0.004138216999008251
55,273.86,0.004139683997033971
56,275.42287,0.0041400835169586895
57,278.95,0.004152558893241767
58,284.14,0.004180117538546122
59,290.09,0.00402427188528233
60,296.16,0.004116754553297251
61,300.96999999999997,0.004088145347885682
62,307.98,0.004155446699250525
63,316.227766,0.004238145006079266
64,318.07,0.004251208928282937
65,327.73999999999995,0.004229607873953898
66,337.7,0.00417962391210103
67,347.96,0.004111231632120063
68,356.88,0.004072684373111269
69,363.078055,0.004064938757485274
70,366.03999999999996,0.004067782143033233
71,375.43,0.004013412267803226
72,385.06,0.0038468488558261265
73,394.94,0.003925870593070805
74,405.07,0.003909376479537262
75,413.55,0.0038487411811399825
76,416.86938299999997,0.0038196172554684485
77,422.21000000000004,0.0037706900084576536
78,430.06,0.003709083012009371
79,441.09000000000003,0.003666551062859746
80,451.36,0.0035769124420286813
81,459.76000000000005,0.0035042220764024933
82,470.46,0.0034344183487596117
83,478.630092,0.0034021581761478742
84,480.32,0.003393215712533586
85,490.36999999999995,0.003269209907680533
86,499.49,0.0032409187355153736
87,506.44,0.0031655630396219686
88,512.3,0.003295703891717601
89,519.4300000000001,0.0032398330411104095
90,530.3100000000001,0.0031404428006326754
91,540.1700000000001,0.0029979397701997293
92,549.5408739999999,0.002960163961595278
93,550.21,0.0029578104933775428
94,560.4399999999999,0.0029881724107428476
95,569.54,0.0030059045728175566
96,580.13,0.0028986522086825207
97,589.5600000000001,0.0029092625293819178
98,600.52,0.0027992794037048642
99,610.28,0.002554860883028948
100,620.1899999999999,0.00284435516172789
101,630.27,0.0027919122797183367
102,630.957344,0.0027909104917683146
103,640.51,0.002782550219186439
104,649.42,0.0027794567862440365
105,658.46,0.002745776811631318
106,664.55,0.0027844216672296084
107,675.35,0.0027575170515418473
108,684.7399999999999,0.002647818080124433
109,694.27,0.0028314949099851406
110,705.5500000000001,0.002683937755822368
111,715.36,0.002863636188239319
112,724.43596,0.0028608792985438795
113,725.3199999999999,0.0028604833822416026
114,735.41,0.0028623955340760635
115,745.6400000000001,0.0029342613143799826
116,754.27,0.002968350769318674
117,764.76,0.002868010002494442
118,775.4,0.0030783297661732003
119,784.3799999999999,0.0031071327922855352
120,795.2900000000001,0.003171195910869675
121,804.4999999999999,0.003229077683753262
122,815.69,0.0032668950592763166
123,825.14,0.0034152704809646867
124,831.763771,0.0031113146062146085
125,834.69,0.0029752639772237135
126,844.36,0.003456722290767316
127,854.14,0.003490777992572531
128,864.03,0.0036443700826393594
129,874.03,0.0037968855609678007
130,884.15,0.003991590281036183
131,894.3900000000001,0.004132012242844507
132,904.75,0.004118558446392772
133,915.22,0.00572216003820265
134,925.8199999999999,0.030961460725230795
135,934.39,0.06697198715615826
136,945.2099999999999,0.12750715061970966
137,953.9499999999999,0.1817240265597687
138,954.992586,0.18363824446842802
139,965.0,0.20201563836916134
140,973.93,0.03277425310218202
141,985.2099999999999,0.16536021381757654
142,994.32,0.17799661675350248
143,1005.84,0.2656549617394373
144,1015.14,0.2566411522228743
145,1024.54,0.11029223615236974
146,1034.02,0.17514691483871198
147,1045.99,0.34378223033190985
148,1055.6699999999998,0.335947495910369
149,1065.43,0.26080995624567493
150,1075.29,0.3128259100270393
151,1085.24,0.2428488579098563
152,1095.28,0.32831669989412593
153,1096.4782,0.3266551764476386
154,1105.42,0.31425448716461457
155,1115.6499999999999,0.3001198887204668
156,1125.97,0.2681025718149336
157,1133.78,0.3461474697769283
158,1144.27,0.3128070179998892
159,1154.8500000000001,0.3336449477614646
160,1165.54,0.3429624549591245
161,1176.32,0.2340500436953989
162,1184.48,0.33208506986311676
163,1195.44,0.22558202167662025
164,1203.72,0.16194072322915756
165,1214.86,0.11335303811989009
166,1226.1,0.2266173324979721
167,1234.6,0.3437480889226783
168,1246.03,0.3777723443267243
169,1254.6599999999999,0.3599328740849848
170,1258.92541,0.3412907613503774
171,1266.27,0.3091926062976839
172,1275.0500000000002,0.4020086344023995
173,1283.89,0.42093096338254593
174,1295.77,0.3305469367178559
175,1304.75,0.3267559677406743
176,1313.79,0.41135919963892364
177,1325.9499999999998,0.3937659770595775
178,1335.1399999999999,0.347729411146404
179,1344.4,0.41611444625456645
180,1353.7099999999998,0.40292168209225465
181,1366.24,0.35912796491139887
182,1375.71,0.3777764030835693
183,1385.25,0.3821440422770757
184,1394.85,0.32753518234601303
185,1404.52,0.33591422343628635
186,1414.25,0.35583876540199055
187,1424.06,0.36493620853493586
188,1433.9299999999998,0.36493675254331204
189,1440.55,0.38391324913251673
190,1445.43977,0.38917210610132413
191,1447.1899999999998,0.39105444190951294
192,1453.87,0.3795216237105812
193,1463.95,0.3517454471469237
194,1474.1000000000001,0.35257477144046295
195,1484.3200000000002,0.3607627965911991
196,1494.6100000000001,0.36748412259913205
197,1504.97,0.34933474946426185
198,1511.9099999999999,0.314229934449204
199,1515.4,0.3351454771865884
200,1525.9,0.32601440576611185
201,1536.48,0.28462973532528874
202,1543.57,0.3014790221470812
203,1554.2700000000002,0.2892489531757384
204,1565.05,0.30216608518404914
205,1575.89,0.3230307179271
206,1586.82,0.33904565177226104
207,1594.14,0.3461284414105574
208,1605.19,0.3398215767251987
209,1616.32,0.3413712130194935
210,1623.78,0.32753880437218347
211,1635.0300000000002,0.3477342421359586
212,1646.3700000000001,0.3525753810018439
213,1653.9699999999998,0.3336244740689275
214,1659.58691,0.3465191743294964
215,1665.43,0.3599335653865907
216,1673.12,0.3245226530865822
217,1676.9800000000002,0.36662829827799537
218,1684.72,0.37863459044937825
219,1696.4,0.35993693496640045
220,1704.2199999999998,0.3493449342920095
221,1716.04,0.3328555913289276
222,1723.96,0.3320803995973194
223,1735.9099999999999,0.35418726825985497
224,1743.9199999999998,0.34854268457675125
225,1756.01,0.3683252657591826
226,1764.1200000000001,0.3445598910188616
227,1776.34,0.35015388382691054
228,1784.54,0.35831351713509396
229,1796.9099999999999,0.37779092335731695
230,1805.2099999999998,0.37693136560828316
231,1813.54,0.35419291054208407
232,1826.11,0.3607779346498726
233,1834.54,0.35176078852645626
234,1843.01,0.330567345980153
235,1855.78,0.33364198797350697
236,1864.35,0.34296625436998646
237,1872.9499999999998,0.3641311234493008
238,1885.94,0.34139008511677676
239,1894.6399999999999,0.33287016313887374
240,1903.39,0.3501613456323622
241,1905.46072,0.34866337509681056
242,1916.58,0.34061734905442653
243,1925.4299999999998,0.3336444288842675
244,1934.31,0.3469497052559046
245,1943.24,0.3591483758638684
246,1956.71,0.3390627231303043
247,1965.74,0.3666463822109217
248,1974.82,0.37604663552786594
249,1983.93,0.36160698538660613
250,1993.09,0.3550204294816732
251,2006.91,0.36495013640239665
252,2016.1699999999998,0.35831156897011723
253,2025.48,0.37089629577416466
254,2034.82,0.3558473191200081
255,2044.22,0.3666335355494437
256,2053.65,0.32903734852067545
257,2063.13,0.3413761557282339
258,2072.65,0.3786411583248538
259,2077.4300000000003,0.36580110731769444
260,2087.02,0.37777990184517185
261,2096.66,0.363279790608976
262,2106.33,0.36662687591457627
263,2116.06,0.37259855430376865
264,2125.8199999999997,0.37603192923475715
265,2135.63,0.3615901984020724
266,2145.49,0.3666242618057144
267,2155.4,0.37776881944568325
268,2165.34,0.36747977362744816
269,2175.34,0.3691661208928052
270,2185.38,0.3649320635472237
271,2187.7616199999998,0.36816323900448167
272,2195.47,0.37862289746117817
273,2205.6,0.3734534284757527
274,2215.7799999999997,0.3599256640856608
275,2226.0099999999998,0.3566337042909024
276,2236.2799999999997,0.37174224817241086
277,2246.61,0.3632734975683195
278,2256.98,0.351740350640495
279,2267.39,0.3591299073889374
280,2272.62,0.3649393880608254
281,2283.1099999999997,0.3708592521618014
282,2293.65,0.3541247208581109
283,2304.24,0.358135494149754
284,2314.87,0.34992137111766386
285,2325.56,0.308257353599974
286,2336.29,0.33714153975855105
287,2347.08,0.33169063143152827
288,2352.4900000000002,0.3456886286466169
289,2363.3399999999997,0.3300626258339944
290,2374.25,0.33457362853577216
291,2385.21,0.31725423583288337
292,2396.22,0.33213934772532816
293,2407.28,0.3260267642131065
294,2412.83,0.331282374295129
295,2423.97,0.34442429813544106
296,2435.1600000000003,0.33654092657108653
297,2446.4,0.34746955960206566
298,2457.69,0.3450081972283782
299,2463.35,0.3434054174201346
300,2474.73,0.33707086331804753
301,2486.15,0.3362139128922273
302,2497.62,0.30238256706174066
303,2503.38,0.3455112964441641
304,2511.88643,0.3241771276494378
305,2514.94,0.3165183696254203
306,2520.73,0.3276126636733757
307,2526.54,0.32307625700992515
308,2532.37,0.3282753496350685
309,2544.0600000000004,0.3259501338182462
310,2555.7999999999997,0.3412222162229089
311,2567.6,0.3341658964933535
312,2573.5200000000004,0.34506628591716976
313,2585.3900000000003,0.34183036369769326
314,2597.33,0.33784463898829564
315,2603.32,0.33239502592219083
316,2615.33,0.32852239872287214
317,2627.41,0.3384242690336323
318,2633.46,0.35029525383330945
319,2645.6200000000003,0.3666980212984456
320,2657.83,0.3803645869850666
321,2663.95,0.3509014692948226
322,2676.25,0.35897953178011655
323,2682.4199999999996,0.36393151231135745
324,2694.8,0.3474704719510273
325,2707.2400000000002,0.357125129456479
326,2713.4799999999996,0.3425732074977989
327,2726.0099999999998,0.3385862618019236
328,2732.29,0.3448407384204313
329,2744.9,0.32248668987893186
330,2757.5699999999997,0.32840613920321426
331,2763.93,0.336788212976098
332,2776.69,0.3445609590990534
333,2783.0899999999997,0.32901263144912496
334,2795.93,0.2952073747264562
335,2802.3799999999997,0.3062450452980128
336,2815.32,0.3395797850183139
337,2821.7999999999997,0.3530819545227614
338,2834.83,0.3441722910417354
339,2847.9100000000003,0.33471162578219427
340,2854.48,0.3225658920853147
341,2867.6600000000003,0.3471304232687435
342,2874.27,0.3560098881490519
343,2884.0315,0.35352727834659936
344,2887.5299999999997,0.3526376383828078
345,2894.1899999999996,0.3591657335346326
346,2907.5499999999997,0.38298332380916406
347,2927.7,0.36984460914088624
348,2948.0,0.3621253943634154
349,2968.4300000000003,0.3653359794913104
350,2989.0099999999998,0.3643386645100123
351,3009.73,0.36336884942680064
352,3030.59,0.36574863424167536
353,3051.59,0.36727291895463643
354,3072.75,0.3722502035511249
355,3086.93,0.3704258932287339
356,3108.3300000000004,0.37977607765051336
357,3129.88,0.37014806196309963
358,3151.57,0.3708386461737723
359,3173.42,0.3758470302679724
360,3188.06,0.3580037196107224
361,3210.1600000000003,0.3653354035229339
362,3232.41,0.3495667873259522
363,3247.33,0.37966617646487505
364,3269.84,0.3937475600786253
365,3292.51,0.3908675435759029
366,3307.71,0.38273363251099857
367,3311.31121,0.382708449738303
368,3322.9700000000003,0.38262676764948345
369,3330.63,0.3878826610553692
370,3338.31,0.36613755418294136
371,3346.0099999999998,0.3842276470321999
372,3353.7200000000003,0.36942853974230166
373,3361.4500000000003,0.36851513217408977
374,3369.2,0.3642541243275643
375,3376.9700000000003,0.3591908162027252
376,3384.7500000000005,0.3607969079387293
377,3392.5499999999997,0.3856669993964198
378,3400.38,0.3982260904366398
379,3408.2200000000003,0.37246938133770313
380,3416.07,0.36560977209960954
381,3423.9500000000003,0.3934952624440456
382,3431.8399999999997,0.3952648526493248
383,3439.7499999999995,0.3915868425762904
384,3447.6800000000003,0.3513612322249424
385,3455.63,0.36870622159528077
386,3463.5899999999997,0.34723931082646237
387,3471.5800000000004,0.3763140996401735
388,3479.58,0.3471287883147278
389,3487.6000000000004,0.3592726767109685
390,3495.64,0.36336806482889566
391,3503.7000000000003,0.3848349526685092
392,3511.7799999999997,0.37603634022980903
393,3519.87,0.3759819276519521
394,3527.99,0.3476244146566248
395,3536.12,0.38107200152214066
396,3544.27,0.3908109881093429
397,3552.44,0.39617657441823145
398,3560.63,0.3853050604488065
399,3568.8399999999997,0.3562555462010679
400,3577.07,0.35050193167501564
401,3585.31,0.32554881700980665
402,3593.58,0.35362740192712716
403,3601.86,0.3903669867052909
404,3606.05,0.36726592839858874
405,3608.7799999999997,0.32823049040878044
406,3611.5000000000005,0.3543476525581289
407,3614.23,0.3770048145683206
408,3616.96,0.35664297657851224
409,3619.69,0.35481673858870394
410,3622.42,0.35359910059889554
411,3625.14,0.3662157627482441
412,3627.8700000000003,0.3613186247584357
413,3630.6,0.3602116867686274
414,3633.3300000000004,0.35736174877881904
415,3636.06,0.3363084107890107
416,3638.7799999999997,0.3766730729383592
417,3641.51,0.38843023494855083
418,3644.2400000000002,0.37617419695874255
419,3646.97,0.3814577589689342
420,3649.7000000000003,0.3750668209791259
421,3652.42,0.38726868312847434
422,3655.1499999999996,0.389343045138666
423,3657.88,0.3876551071488577
424,3660.61,0.3999654691590494
425,3663.34,0.40430843116924103
426,3666.07,0.4035056931794327
427,3668.79,0.36106945532878115
428,3671.52,0.3774742173389728
429,3674.25,0.38950807934916454
430,3676.9800000000005,0.36732044135935615
431,3679.71,0.36895220336954787
432,3682.43,0.3763680655188963
433,3685.1600000000003,0.352686427529088
434,3687.89,0.34798298953927964
435,3690.62,0.3946808515494713
436,3693.3500000000004,0.411556013559663
437,3696.07,0.3906706757090115
438,3698.7999999999997,0.3884017377192031
439,3701.53,0.38533049972939476
440,3704.2599999999998,0.3695057617395865
441,3706.99,0.36953302374977814
442,3709.71,0.37304798589912663
443,3712.44,0.3757587479093183
444,3715.17,0.40566410991950996
445,3717.9,0.4023991719297016
446,3720.6299999999997,0.4443664339398933
447,3723.36,0.508243895950085
448,3726.08,0.5597305580994335
449,3728.8100000000004,0.578210120109625
450,3731.54,0.5079959821198168
451,3734.27,0.41086414413000844
452,3736.9999999999995,0.4005447061402001
453,3739.7200000000003,0.4268280682895486
454,3742.45,0.39916273029974025
455,3745.1800000000003,0.38552349230993194
456,3747.91,0.3674025543201236
457,3750.64,0.40566261633031525
458,3753.36,0.40331277847966374
459,3756.09,0.4326094404898554
460,3758.82,0.44547320250004707
461,3761.55,0.46301226451023875
462,3764.2799999999997,0.4345446265204304
463,3767.0,0.4059961886697789
464,3769.73,0.42845965067997055
465,3772.46,0.4237562126901622
466,3775.19,0.43899907470035393
467,3777.92,0.4873567367105456
468,3780.6499999999996,0.5107606987207371
469,3783.37,0.5386490608700857
470,3786.1,0.49103722288027735
471,3788.8300000000004,0.45855808489046906
472,3791.56,0.4490961469006607
473,3794.29,0.3957855089108524
474,3797.01,0.3978343710602008
475,3799.74,0.4089829330703925
476,3801.8939600000003,0.4247638555317416
477,3802.47,0.4289841967508109
478,3805.2000000000003,0.47908486667663147
479,3807.93,0.49319343660245213
480,3810.65,0.5158531066384345
481,3813.38,0.5000558765642552
482,3816.1099999999997,0.48965324649007586
483,3818.84,0.47952741641589647
484,3821.57,0.4515300863417171
485,3824.29,0.4533301563776996
486,3827.02,0.4265777263035202
487,3829.75,0.4173924962293408
488,3832.4799999999996,0.3803764661551614
489,3835.21,0.356418336080982
490,3837.94,0.37968400600680263
491,3840.6600000000003,0.4258583760427851
492,3843.39,0.46544644596860574
493,3846.12,0.5076349158944263
494,3848.85,0.508408985820247
495,3851.58,0.5146883557460675
496,3854.2999999999997,0.5207215257820501
497,3857.03,0.5217721957078707
498,3859.7599999999998,0.5355764656336913
499,3862.4900000000002,0.562355535559512
500,3865.22,0.5578455054853326
501,3867.94,0.543683375521315
502,3870.67,0.5309016454471357
503,3873.4,0.5095991153729563
504,3876.1299999999997,0.5003308852987769
505,3878.86,0.49125625522459754
506,3881.58,0.44909682526058
507,3884.3100000000004,0.42306359518640063
508,3887.04,0.4465507651122212
509,3889.77,0.42862333503804184
510,3892.5,0.43097450496386247
511,3895.23,0.4826519748896831
512,3897.95,0.48871254492566557
513,3900.6800000000003,0.5110376148514862
514,3903.41,0.5239012847773068
515,3906.1400000000003,0.5272758547031274
516,3908.87,0.551537324628948
517,3911.5899999999997,0.5545273946649305
518,3914.32,0.5375129645907512
519,3917.05,0.5427410345165717
520,3919.7799999999997,0.5306509044423924
521,3922.51,0.5252280743682131
522,3925.23,0.5035409444041955
523,3927.9599999999996,0.4423732143300161
524,3930.69,0.40286728425583673
525,3933.42,0.38272685418165736
526,3936.15,0.41064022410747797
527,3938.87,0.45581879414346044
528,3941.6,0.49100806406928105
529,3944.33,0.5293788339951017
530,3947.06,0.5398356039209222
531,3949.7900000000004,0.5237341738467429
532,3952.52,0.5274683437725636
533,3955.24,0.5173451138085461
534,3957.9700000000003,0.4976194837343666
535,3960.7,0.44843085366018726
536,3963.43,0.3846352235860079
537,3966.1600000000003,0.3691147935118285
538,3968.88,0.36975256354781094
539,3971.6099999999997,0.3786326334736315
540,3974.34,0.4129920033994522
541,3977.0699999999997,0.4589705733252728
542,3979.8,0.49194664325109344
543,3982.52,0.5230993132870759
544,3985.25,0.5305407832128965
545,3987.98,0.5563792531387172
546,3990.71,0.5785935230645378
547,3993.4399999999996,0.5787036929903584
548,3996.1600000000003,0.5647351630263409
549,3998.89,0.5770454329521615
550,4001.6200000000003,0.582882102877982
551,4004.35,0.5873632728038027
552,4007.08,0.5950258427296233
553,4009.81,0.5917055126554439
554,4012.53,0.6091090826914265
555,4015.2599999999998,0.606535652617247
556,4017.9900000000002,0.6309908225430676
557,4020.72,0.6241846924688883
558,4023.4500000000003,0.6032417623947088
559,4026.17,0.5990390324306913
560,4028.9,0.6089979023565121
561,4031.63,0.5948881722823327
562,4034.36,0.5778459422081533
563,4037.0899999999997,0.5954402121339739
564,4039.81,0.6029120821699563
565,4042.54,0.5975998520957769
566,4045.2700000000004,0.5958287220215975
567,4048.0,0.5984839919474182
568,4050.73,0.5975427618732388
569,4053.4500000000003,0.5887753319092213
570,4056.18,0.5838504018350419
571,4058.91,0.5906277717608625
572,4061.6400000000003,0.5865604416866831
573,4064.37,0.5869471116125038
574,4067.1000000000004,0.5896023815383244
575,4069.82,0.5892726515743067
576,4072.5499999999997,0.5740287215001274
577,4075.28,0.5677758914259481
578,4078.01,0.5667794613517687
579,4080.74,0.5836267312775894
580,4083.46,0.5777364013135718
581,4086.19,0.5750246712393925
582,4088.9199999999996,0.5668353411652131
583,4091.65,0.5469437110910337
584,4094.38,0.5260285810168543
585,4097.1,0.4964843510528367
586,4099.83,0.5042024209786574
587,4102.56,0.517591790904478
588,4105.29,0.5226538608302986
589,4108.02,0.5278543307561193
590,4110.74,0.5423251007921017
591,4113.47,0.5631286707179223
592,4116.2,0.5739727406437429
593,4118.93,0.5728933105695636
594,4121.66,0.5647592804953842
595,4124.39,0.5597513504212048
596,4127.11,0.5625201204571872
597,4129.84,0.5622151903830078
598,4132.57,0.5721740603088284
599,4135.3,0.5786470302346491
600,4138.03,0.5863374001604698
601,4140.75,0.5746926701964523
602,4143.48,0.5815253401222729
603,4146.21,0.5887730100480936
604,4148.94,0.5747185799739142
605,4151.67,0.5790337498997347
606,4154.39,0.5908212199357172
607,4157.12,0.5862005898615378
608,4159.85,0.5972660597873585
609,4162.58,0.5974038297131791
610,4165.3099999999995,0.5955219996389998
611,4168.03,0.5823558696749821
612,4170.76,0.5598360396008027
613,4173.490000000001,0.5797817095266233
614,4176.22,0.572615979452444
615,4178.95,0.5704299493782646
616,4181.68,0.5672479193040852
617,4184.4,0.5797269893400676
618,4187.13,0.5888558592658883
619,4189.860000000001,0.5954949291917089
620,4192.59,0.5883567991175296
621,4195.32,0.5812187690433502
622,4198.04,0.5796993390793327
623,4200.7699999999995,0.5910137090051534
624,4203.5,0.584428878930974
625,4206.2300000000005,0.6034341488567946
626,4208.96,0.6095475187826151
627,4211.68,0.6036847888185977
628,4214.41,0.6110154587444182
629,4217.139999999999,0.6104891286702389
630,4219.87,0.5964071985960595
631,4222.6,0.5873878685218802
632,4225.320000000001,0.5598635385578625
633,4228.05,0.5560453084836832
634,4230.78,0.5729202784095038
635,4233.51,0.5768482483353244
636,4236.24,0.5839851182611451
637,4238.97,0.5881341881869657
638,4241.6900000000005,0.5922585582229482
639,4244.42,0.5942776281487687
640,4247.150000000001,0.5981776980745893
641,4249.88,0.58755386800041
642,4252.61,0.5853402379262306
643,4255.33,0.5866979079622131
644,4258.06,0.6034899778880337
645,4260.79,0.6088840478138544
646,4263.52,0.6114010177396749
647,4266.25,0.6224386876654956
648,4268.97,0.5623803577014781
649,4271.7,0.5648973276272987
650,4274.43,0.5772076975531193
651,4277.16,0.56547716747894
652,4279.89,0.5938885374047606
653,4282.61,0.5902667074407429
654,4285.34,0.5816623773665636
655,4288.07,0.5762394472923842
656,4290.8,0.5624065172182049
657,4293.53,0.5509250871440255
658,4296.26,0.5266348570698461
659,4298.9800000000005,0.5128319271058286
660,4301.71,0.5203285970316491
661,4304.44,0.5196088669574698
662,4307.17,0.5008239368832904
663,4309.9,0.5214338068091111
664,4312.62,0.5564318768450935
665,4315.35,0.5697658467709142
666,4318.08,0.5730020166967348
667,4320.8099999999995,0.5652000866225554
668,4323.54,0.549817856548376
669,4326.26,0.5410501265843585
670,4328.99,0.5351568965101792
671,4331.72,0.5240074664359997
672,4334.45,0.5336343363618203
673,4337.18,0.565420706287641
674,4339.9,0.5760185763236234
675,4342.63,0.572974946249444
676,4345.36,0.5404404161752647
677,4348.09,0.5255285861010853
678,4350.820000000001,0.5329422560269059
679,4353.55,0.5550460259527266
680,4356.2699999999995,0.582519295988709
681,4359.0,0.5871940659145296
682,4361.73,0.5917859358403502
683,4364.46,0.6064477057661709
684,4365.15832,0.6073675364323237
685,4367.1900000000005,0.6100437108750509
686,4369.91,0.580997728013885
687,4372.639999999999,0.6051210452157297
688,4375.37,0.5840951624175742
689,4378.099999999999,0.5769847796194189
690,4380.83,0.5717003968212633
691,4383.55,0.5563208139600975
692,4386.28,0.5456141311619421
693,4389.01,0.5567348483637867
694,4391.74,0.5793364655656312
695,4394.469999999999,0.5860585827674758
696,4397.1900000000005,0.59867609990631
697,4399.92,0.5858390171081544
698,4402.650000000001,0.584704334309999
699,4405.38,0.5685198515118436
700,4408.11,0.5792810687136882
701,4410.84,0.5924489859155326
702,4413.56,0.6064496030543669
703,4416.29,0.5828509202562114
704,4419.02,0.589075037458056
705,4421.75,0.6077206546599005
706,4424.4800000000005,0.5947453718617451
707,4427.2,0.6018020890005793
708,4429.93,0.6108204062024238
709,4432.66,0.6156058234042684
710,4435.39,0.600057640606113
711,4438.12,0.6062264578079576
712,4440.84,0.6060073749467917
713,4443.57,0.6123422921486362
714,4446.3,0.6065874093504808
715,4449.03,0.6262290265523254
716,4451.76,0.60119174375417
717,4454.4800000000005,0.5948032608930042
718,4457.21,0.5833772780948486
719,4459.94,0.5775117952966933
720,4462.67,0.5779539124985378
721,4465.4,0.5843164297003823
722,4468.13,0.5931133469022268
723,4470.85,0.607584164041061
724,4473.58,0.6118718812429056
725,4476.31,0.6068638984447501
726,4479.04,0.6000856156465948
727,4481.7699999999995,0.6167116328484393
728,4484.49,0.6148879499872735
729,4487.22,0.610018467189118
730,4489.95,0.6335884843909626
731,4492.68,0.6295212015928071
732,4495.41,0.6166288187946517
733,4498.13,0.6229388359334859
734,4500.86,0.6353598531353304
735,4503.59,0.644295070337175
736,4506.32,0.6492188875390196
737,4509.05,0.6335600047408642
738,4511.7699999999995,0.6429407218796982
739,4514.5,0.6281117390815428
740,4517.23,0.6290242562833873
741,4519.96,0.615938273485232
742,4522.69,0.6076382906870764
743,4525.42,0.610680907888921
744,4528.14,0.5926455250277552
745,4530.87,0.6000315422295999
746,4533.599999999999,0.5861433594314444
747,4536.33,0.5975961766332889
748,4539.0599999999995,0.6161863938351334
749,4541.780000000001,0.6288315109739676
750,4544.51,0.6166308281758122
751,4547.24,0.6133933453776567
752,4549.97,0.6067256625795013
753,4552.7,0.609934279781346
754,4555.42,0.59253529692018
755,4558.150000000001,0.6229386141220246
756,4560.88,0.6290244313238692
757,4563.610000000001,0.6120099485257137
758,4566.34,0.6286914657275583
759,4569.0599999999995,0.6265080828663925
760,4571.79,0.6221088000682371
761,4574.52,0.6248748172700815
762,4577.25,0.6164642344719262
763,4579.9800000000005,0.6096858516737707
764,4582.71,0.6014965688756153
765,4585.429999999999,0.5988427860144494
766,4588.16,0.6145560032162939
767,4590.89,0.6302138204181386
768,4593.62,0.617681137619983
769,4596.35,0.6156057548218277
770,4599.07,0.6083597719606618
771,4601.8,0.6311276891625064
772,4604.53,0.6296055063643509
773,4607.26,0.6405050235661955
774,4609.99,0.65074034076804
775,4612.71,0.6406172579068742
776,4615.4400000000005,0.6358308751087188
777,4618.17,0.6322615923105634
778,4620.9,0.6346125095124079
779,4623.63,0.6351653267142525
780,4626.35,0.6334800438530866
781,4629.08,0.6269505610549312
782,4631.81,0.6261477782567758
783,4634.54,0.6180414954586203
784,4637.27,0.6152192126604649
785,4640.0,0.6135864298623094
786,4642.72,0.5980962470011436
787,4645.45,0.5998386642029881
788,4648.18,0.6011106814048327
789,4650.91,0.6076114986066773
790,4653.64,0.6142229158085218
791,4656.36,0.627310732947356
792,4659.09,0.6175444501492005
793,4661.82,0.6164650673510451
794,4664.55,0.6103505845528896
795,4667.28,0.5925063017547343
796,4670.0,0.5888842188935683
797,4672.73,0.601111636095413
798,4675.46,0.6035180532972575
799,4678.19,0.6135322704991021
800,4680.92,0.6048726877009466
801,4683.65,0.5993393049027912
802,4686.37,0.5961322220416253
803,4689.1,0.60147103924347
804,4691.83,0.6129791564453144
805,4694.5599999999995,0.6177647736471591
806,4697.29,0.6176258908490035
807,4700.01,0.6005035079878377
808,4702.740000000001,0.5889113251896824
809,4705.47,0.5912900423915268
810,4708.2,0.5892146595933715
811,4710.93,0.594470576795216
812,4713.65,0.6006972939340502
813,4716.38,0.6239077111358947
814,4719.110000000001,0.6260374283377393
815,4721.84,0.6202550455395838
816,4724.57,0.6056198627414284
817,4727.29,0.5952198798802626
818,4730.0199999999995,0.595468297082107
819,4732.75,0.6017202142839517
820,4735.4800000000005,0.6136432314857964
821,4738.21,0.6229105486876408
822,4740.9400000000005,0.6234909658894854
823,4743.66,0.6285834830283196
824,4746.389999999999,0.629993800230164
825,4749.12,0.6220259174320086
826,4751.85,0.6249855346338532
827,4754.58,0.6155513518356978
828,4757.3,0.5980969689745319
829,4760.03,0.5985391861763766
830,4762.76,0.594057103378221
831,4765.49,0.6067269205800656
832,4768.22,0.6140853377819102
833,4770.9400000000005,0.6041834549207443
834,4773.67,0.6182367721225889
835,4776.4,0.6270613893244334
836,4779.13,0.624543506526278
837,4781.86,0.6206422237281225
838,4784.58,0.6179884408669568
839,4787.31,0.6272003580688013
840,4790.04,0.6221925752706459
841,4792.77,0.6224687924724904
842,4795.5,0.632953209674335
843,4798.23,0.6221634268761795
844,4800.95,0.6229954440150136
845,4803.68,0.6183749612168583
846,4806.41,0.6168252784187028
847,4809.14,0.6253179956205474
848,4811.87,0.620503812822392
849,4814.59,0.6198143299612261
850,4817.32,0.6254298471630706
851,4820.05,0.6183194643649152
852,4822.78,0.6105175815667597
853,4825.51,0.6024388987686043
854,4828.2300000000005,0.5964929159074385
855,4830.96,0.5956902331092832
856,4833.69,0.6022186503111276
857,4836.42,0.6030758675129723
858,4839.15,0.6056481847148167
859,4841.87,0.6047926018536509
860,4844.6,0.5818025190554955
861,4847.33,0.56553523625734
862,4850.0599999999995,0.5723403534591845
863,4852.79,0.5889388706610292
864,4855.5199999999995,0.6385690878628737
865,4858.24,0.7542660050017078
866,4860.97,0.8178393222035525
867,4863.7,0.745467439405397
868,4866.43,0.6232434566072416
869,4869.16,0.5717033738090861
870,4871.88,0.5585644909479204
871,4874.61,0.5500986081497649
872,4877.34,0.5580103253516094
873,4880.070000000001,0.565451742553454
874,4882.8,0.5702927597552986
875,4885.5199999999995,0.5637102768941327
876,4888.25,0.5740011940959772
877,4890.98,0.5889676112978218
878,4893.71,0.5953853284996663
879,4896.4400000000005,0.6056762457015109
880,4899.16,0.6113218628403451
881,4901.889999999999,0.6095508800421897
882,4904.62,0.6044323972440342
883,4907.349999999999,0.5959665144458788
884,4910.08,0.5981239316477233
885,4912.81,0.5860339488495679
886,4915.53,0.578981365988402
887,4918.26,0.5800599831902465
888,4920.99,0.5734751003920912
889,4923.719999999999,0.5751069175939358
890,4926.45,0.5852041347957803
891,4929.17,0.6045993519346144
892,4931.900000000001,0.601417469136459
893,4934.63,0.5954689863383036
894,4937.36,0.5945003035401482
895,4940.09,0.5947488207419926
896,4942.81,0.6015286378808269
897,4945.54,0.6131198550826714
898,4948.27,0.623825672284516
899,4951.0,0.6181815894863605
900,4953.7300000000005,0.6142527066882051
901,4956.45,0.6109902238270393
902,4959.18,0.6071720410288838
903,4961.91,0.6182098582307284
904,4964.64,0.6245723754325729
905,4967.37,0.6149444926344175
906,4970.1,0.6123989098362621
907,4972.82,0.6112114269750962
908,4975.55,0.6010579441769408
909,4978.28,0.5940859613787853
910,4981.01,0.5819958785806298
911,4983.74,0.5698781957824745
912,4986.46,0.5574032129213087
913,4989.19,0.5735314301231532
914,4991.92,0.5895767473249978
915,4994.65,0.5870311645268423
916,4997.38,0.5895205817286868
917,5000.099999999999,0.573974698867521
918,5002.83,0.5888580160693656
919,5005.56,0.6244346332712101
920,5008.29,0.6337849504730547
921,5011.02,0.6023019676748992
922,5011.87234,0.5938935136014151
923,5013.74,0.5754687871785422
924,5016.469999999999,0.5685245078370802
925,5019.200000000001,0.5524784284956181
926,5021.93,0.5572363491541561
927,5024.66,0.5751074698126941
928,5027.39,0.5627684904712321
929,5030.11,0.5707933110540977
930,5032.839999999999,0.5725357317126357
931,5035.570000000001,0.5694922523711737
932,5038.3,0.5663379730297117
933,5041.03,0.5700446936882497
934,5043.75,0.5749709142711154
935,5046.48,0.5759664349296534
936,5049.209999999999,0.5761596555881914
937,5051.9400000000005,0.5796450762467293
938,5054.67,0.5853158969052673
939,5057.39,0.5971306174881329
940,5060.12,0.605983038146671
941,5062.849999999999,0.6030224588052089
942,5065.58,0.595414179463747
943,5068.31,0.5927579001222848
944,5071.03,0.5784295207051505
945,5073.76,0.5628260413636885
946,5076.49,0.5486057620222266
947,5079.22,0.5484946826807644
948,5081.95,0.5657296033393024
949,5084.68,0.5745542239978404
950,5087.4,0.5767970445807061
951,5090.13,0.590656665239244
952,5092.860000000001,0.604322785897782
953,5095.59,0.59715710655632
954,5098.32,0.574886527214858
955,5101.04,0.5761608477977236
956,5103.7699999999995,0.5661180684562617
957,5106.500000000001,0.5639597891147996
958,5109.2300000000005,0.5751361097733376
959,5111.96,0.5974335304318756
960,5114.68,0.5770186510147413
961,5117.41,0.5758563716732792
962,5120.139999999999,0.5944467923318172
963,5122.870000000001,0.5766854129903553
964,5125.6,0.5660064336488931
965,5128.32,0.5630481542317588
966,5131.05,0.5745010748902968
967,5133.78,0.5667267955488348
968,5136.509999999999,0.5587036162073727
969,5139.240000000001,0.5611929368659108
970,5141.97,0.5630461575244486
971,5144.69,0.5379005781073144
972,5147.42,0.5385640987658524
973,5150.15,0.5550243194243903
974,5152.88,0.5696863400829283
975,5155.610000000001,0.5647339607414663
976,5158.33,0.571264581324332
977,5161.0599999999995,0.5703790019828701
978,5163.79,0.5313987226414079
979,5166.52,0.49833874329994593
980,5169.25,0.4979788639584839
981,5171.97,0.5033196845413496
982,5174.7,0.5230998051998875
983,5177.429999999999,0.5462549258584255
984,5180.160000000001,0.5345522465169634
985,5182.89,0.5236242671755015
986,5185.610000000001,0.5156308877583671
987,5188.34,0.542797408416905
988,5191.07,0.5562422290754431
989,5193.799999999999,0.557984749733981
990,5196.530000000001,0.5711251703925191
991,5199.26,0.5802264910510571
992,5201.9800000000005,0.5707392116339227
993,5204.71,0.5519820322924607
994,5207.44,0.5310393529509987
995,5210.169999999999,0.5471399736095367
996,5212.900000000001,0.5647896942680747
997,5215.62,0.5687198148509403
998,5218.35,0.5658976355094782
999,5221.08,0.5662845561680163
1000,5223.8099999999995,0.5635176768265543
1001,5226.54,0.5436815974850921
1002,5229.26,0.5516232180679579
1003,5231.99,0.5726757387264959
1004,5234.72,0.5874760593850339
1005,5237.45,0.5856497800435717
1006,5240.18,0.5867283007021098
1007,5242.900000000001,0.5849596212849755
1008,5245.63,0.5824417419435135
1009,5248.36,0.5869506626020514
1010,5251.09,0.5848477832605894
1011,5253.82,0.5803656039191274
1012,5256.55,0.5860919245776653
1013,5259.27,0.577296245160531
1014,5262.0,0.563767665819069
1015,5264.73,0.541469386477607
1016,5267.46,0.528355907136145
1017,5270.1900000000005,0.537955227794683
1018,5272.91,0.5457030483775486
1019,5275.64,0.5524529690360865
1020,5278.37,0.5645420896946246
1021,5281.099999999999,0.5782081103531626
1022,5283.830000000001,0.5791484310117005
1023,5286.55,0.5805611515945662
1024,5289.28,0.6027203722531042
1025,5292.01,0.6055140929116422
1026,5294.74,0.6010872135701801
1027,5297.469999999999,0.5930086342287182
1028,5300.1900000000005,0.5868965548115838
1029,5302.92,0.5975195754701218
1030,5305.65,0.6073954961286597
1031,5308.38,0.6155286167871977
1032,5311.11,0.6146706374457356
1033,5313.839999999999,0.6137018581042736
1034,5316.56,0.6144782786871393
1035,5319.29,0.5963850993456773
1036,5322.0199999999995,0.5786791200042153
1037,5324.75,0.5696323406627533
1038,5327.48,0.5692446613212913
1039,5330.200000000001,0.5758582819041569
1040,5332.93,0.5822208025626948
1041,5335.66,0.5937013232212328
1042,5338.389999999999,0.5962737438797708
1043,5341.12,0.5942538645383089
1044,5343.84,0.6014208851211744
1045,5346.570000000001,0.6038551057797125
1046,5349.3,0.6016968264382504
1047,5352.03,0.6143945470967884
1048,5354.759999999999,0.6239108677553264
1049,5357.4800000000005,0.609001288338192
1050,5360.21,0.59915220899673
1051,5362.9400000000005,0.595887329655268
1052,5365.67,0.5884451503138061
1053,5368.4,0.589966270972344
1054,5371.129999999999,0.595332891630882
1055,5373.85,0.6010613122137476
1056,5376.58,0.6016694328722856
1057,5379.31,0.5982109535308237
1058,5382.04,0.5997044741893615
1059,5384.7699999999995,0.5948903948478995
1060,5387.490000000001,0.5813640154307652
1061,5390.22,0.5763839360893033
1062,5392.95,0.5769921567478411
1063,5395.68,0.5721504774063791
1064,5398.41,0.5760507980649171
1065,5401.129999999999,0.5596196186477829
1066,5403.860000000001,0.5521774393063207
1067,5406.59,0.5645432599648588
1068,5409.32,0.5663410806233967
1069,5412.05,0.5785409012819347
1070,5414.7699999999995,0.5899406218648003
1071,5417.499999999999,0.5954178425233383
1072,5420.2300000000005,0.5908527631818763
1073,5422.96,0.5855406838404144
1074,5425.69,0.5912669044989523
1075,5428.42,0.5825244251574903
1076,5431.139999999999,0.582747445740356
1077,5433.87,0.592097866398894
1078,5436.6,0.5899395870574319
1079,5439.33,0.5945869077159699
1080,5442.0599999999995,0.6054035283745078
1081,5444.78,0.5938414489573736
1082,5447.51,0.5882250696159115
1083,5450.24,0.5840747902744495
1084,5452.97,0.5785415109329874
1085,5455.7,0.5927885315915253
1086,5458.42,0.5911027521743911
1087,5461.150000000001,0.5886678728329291
1088,5463.88,0.589967693491467
1089,5466.61,0.588113814150005
1090,5469.34,0.591709834808543
1091,5472.0599999999995,0.5833014553914088
1092,5474.790000000001,0.5741162760499467
1093,5477.52,0.5833559967084846
1094,5480.25,0.5867030173670226
1095,5482.98,0.5835212380255606
1096,5485.71,0.5877535586840986
1097,5488.429999999999,0.5950587792669642
1098,5491.160000000001,0.5994847999255022
1099,5493.89,0.5961369205840402
1100,5496.62,0.5940063412425782
1101,5499.349999999999,0.5936463619011162
1102,5502.07,0.5859573824839818
1103,5504.799999999999,0.5644059031425198
1104,5507.530000000001,0.5571573238010578
1105,5510.26,0.5680846444595957
1106,5512.99,0.5804780651181337
1107,5515.71,0.5844635857009994
1108,5518.44,0.5811434063595374
1109,5521.17,0.5800088270180754
1110,5523.900000000001,0.5867032476766134
1111,5526.63,0.5722618683351514
1112,5529.349999999999,0.574587388918017
1113,5532.08,0.581835209576555
1114,5534.81,0.572622430235093
1115,5537.54,0.594477350893631
1116,5540.27,0.5888885715521689
1117,5543.0,0.5870346922107068
1118,5545.719999999999,0.5924587127935725
1119,5548.450000000001,0.5863720334521105
1120,5551.18,0.6069267541106484
1121,5553.91,0.6066220747691865
1122,5556.64,0.5914058954277245
1123,5559.36,0.5904118160105902
1124,5562.089999999999,0.581696936669128
1125,5564.820000000001,0.5813922573276661
1126,5567.55,0.584932977986204
1127,5570.28,0.591599798644742
1128,5573.0,0.5890010192276077
1129,5575.73,0.5953636398861457
1130,5578.459999999999,0.5940906605446836
1131,5581.1900000000005,0.5803684812032216
1132,5583.92,0.5681402018617596
1133,5586.64,0.5761647224446252
1134,5589.37,0.5803140431031633
1135,5592.099999999999,0.5628294637617013
1136,5594.83,0.5677257844202392
1137,5597.56,0.5616668050787772
1138,5600.29,0.5628837257373153
1139,5603.01,0.5818635463201809
1140,5605.74,0.5976043669787189
1141,5608.47,0.5987106876372569
1142,5611.2,0.5939242082957948
1143,5613.93,0.5947814289543327
1144,5616.65,0.5793185495371985
1145,5619.38,0.5685842701957364
1146,5622.110000000001,0.5682241908542743
1147,5624.84,0.5797878115128123
1148,5627.57,0.5906597321713504
1149,5630.29,0.592238252754216
1150,5633.0199999999995,0.591767573412754
1151,5635.750000000001,0.595916994071292
1152,5638.4800000000005,0.57868131472983
1153,5641.21,0.5907705353883679
1154,5643.93,0.5764694559712336
1155,5646.66,0.5981307766297715
1156,5649.389999999999,0.5956127972883095
1157,5652.120000000001,0.5875896179468475
1158,5654.85,0.5868423386053855
1159,5657.58,0.5714879592639235
1160,5660.3,0.5776588798467891
1161,5663.03,0.5635771005053272
1162,5665.759999999999,0.5874239211638651
1163,5668.490000000001,0.5966635418224031
1164,5671.22,0.5755271624809412
1165,5673.94,0.5909935830638068
1166,5676.67,0.5973285037223447
1167,5679.4,0.5965811243808827
1168,5682.13,0.6048249450394207
1169,5684.860000000001,0.5932052656979586
1170,5687.58,0.5686958862808243
1171,5690.3099999999995,0.5863457069393624
1172,5693.04,0.5872029275979004
1173,5695.77,0.5924865482564382
1174,5698.5,0.5844080689149762
1175,5701.22,0.575473889497842
1176,5703.95,0.5657631101563799
1177,5706.679999999999,0.5607831308149178
1178,5709.410000000001,0.5631896514734558
1179,5712.14,0.5767173721319938
1180,5714.87,0.5976869927905318
1181,5717.59,0.5865674133733975
1182,5720.32,0.6236934340319354
1183,5723.049999999999,0.5952811546904734
1184,5725.780000000001,0.5891115753490114
1185,5728.51,0.5818352960075494
1186,5731.2300000000005,0.6157542165904151
1187,5733.96,0.581947237248953
1188,5736.69,0.595806957907491
1189,5739.419999999999,0.596166278566029
1190,5742.150000000001,0.600453999224567
1191,5744.87,0.5951440198074326
1192,5747.6,0.5957798404659707
1193,5750.33,0.5804808611245086
1194,5753.0599999999995,0.5908824817830466
1195,5754.399369999999,0.5955377103000504
1196,5755.79,0.6003711187206124
1197,5758.51,0.5941206711444109
1198,5761.24,0.5885872237609437
1199,5763.97,0.5785168763774766
1200,5766.7,0.5934279289940095
1201,5769.43,0.6127376816105423
1202,5772.16,0.5986282342270752
1203,5774.88,0.5927927866508735
1204,5777.61,0.5901088392674064
1205,5780.34,0.5696641918839394
1206,5783.07,0.5553888445004721
1207,5785.8,0.558348597117005
1208,5788.52,0.5873707495408034
1209,5791.25,0.5905795021573362
1210,5793.98,0.5948949547738692
1211,5796.71,0.578904307390402
1212,5799.4400000000005,0.5897485600069349
1213,5802.16,0.5994330124307332
1214,5804.89,0.5903308650472661
1215,5807.62,0.581892717663799
1216,5810.349999999999,0.6062928702803317
1217,5813.080000000001,0.5870654228968647
1218,5815.8,0.593208775320663
1219,5818.53,0.6069302279371959
1220,5821.26,0.6018948805537289
1221,5823.99,0.6114388331702616
1222,5826.719999999999,0.6014791857867945
1223,5829.450000000001,0.5925707384033274
1224,5832.17,0.6039150908271257
1225,5834.9,0.6170833434436587
1226,5837.63,0.6008989960601915
1227,5840.36,0.5963616486767244
1228,5843.089999999999,0.6083125012932573
1229,5845.81,0.5974142537170556
1230,5848.54,0.5923235063335884
1231,5851.2699999999995,0.5708828589501213
1232,5854.0,0.5798183115666542
1233,5856.73,0.5750596641831871
1234,5859.450000000001,0.5745909166069854
1235,5862.18,0.5791553692235183
1236,5864.91,0.5919362218400511
1237,5867.639999999999,0.582280874456584
1238,5870.37,0.5931528270731169
1239,5873.09,0.6069593794969153
1240,5875.820000000001,0.6007621321134481
1241,5878.55,0.5849097847299809
1242,5881.28,0.5750607373465139
1243,5884.009999999999,0.5676461899630467
1244,5886.740000000001,0.5306855425795797
1245,5889.46,0.5025518950033779
1246,5892.1900000000005,0.5127046476199107
1247,5894.92,0.5189567002364437
1248,5897.65,0.5380727528529765
1249,5900.379999999999,0.5662630054695095
1250,5903.1,0.5725721578933077
1251,5905.83,0.5665409105098406
1252,5908.56,0.5730141631263734
1253,5911.29,0.5781872157429064
1254,5914.0199999999995,0.5657653683594392
1255,5916.740000000001,0.5695847207832376
1256,5919.47,0.5758642733997704
1257,5922.2,0.5771919260163033
1258,5924.93,0.5657936786328362
1259,5927.66,0.5709943312493692
1260,5930.379999999999,0.5705810836731674
1261,5933.110000000001,0.5711617362897002
1262,5935.84,0.5766113889062331
1263,5938.57,0.575310841522766
1264,5941.3,0.5824756941392989
1265,5944.03,0.5803452467558318
1266,5946.749999999999,0.57334749917963
1267,5949.4800000000005,0.570968051796163
1268,5952.21,0.5640239044126959
1269,5954.94,0.5680349570292288
1270,5957.67,0.5764448096457616
1271,5960.389999999999,0.5720476620695599
1272,5963.12,0.5645501146860927
1273,5965.85,0.5750624673026257
1274,5968.58,0.5674267199191586
1275,5971.3099999999995,0.5687265725356914
1276,5974.03,0.5719927249594897
1277,5976.76,0.5764464775760226
1278,5979.49,0.5792678301925556
1279,5982.22,0.5728769828090884
1280,5984.95,0.5735959354256213
1281,5987.67,0.5763087878494195
1282,5990.400000000001,0.5684516404659524
1283,5993.13,0.5803471930824854
1284,5995.86,0.5853819456990182
1285,5998.59,0.5692529983155511
1286,6001.32,0.565158350932084
1287,6004.040000000001,0.5580223033558822
1288,6006.77,0.5619227559724151
1289,6009.5,0.5604839085889479
1290,6012.23,0.5756438612054808
1291,6014.96,0.5745093138220138
1292,6017.679999999999,0.5653261662458121
1293,6020.410000000001,0.5719931188623449
1294,6023.14,0.5636933714788778
1295,6025.87,0.5711072240954107
1296,6028.599999999999,0.5757822767119436
1297,6031.32,0.5770288291357419
1298,6034.049999999999,0.5826721817522749
1299,6036.780000000001,0.5747873343688076
1300,6039.51,0.5785217869853405
1301,6042.24,0.5662382396018735
1302,6044.96,0.5772504920256717
1303,6047.69,0.5948450446422047
1304,6050.42,0.5884541972587375
1305,6053.150000000001,0.5701119498752704
1306,6055.88,0.5750361024918033
1307,6058.61,0.5781895551083361
1308,6061.33,0.5758396075321345
1309,6064.06,0.5831981601486672
1310,6066.79,0.5686737127652002
1311,6069.52,0.5818973653817331
1312,6072.25,0.578715517998266
1313,6074.969999999999,0.5724094704220642
1314,6077.700000000001,0.5660462230385971
1315,6080.43,0.56527127565513
1316,6083.16,0.5597657282716629
1317,6085.89,0.5716059808881958
1318,6088.61,0.5718013333119941
1319,6091.339999999999,0.5662679859285269
1320,6094.070000000001,0.5678445385450598
1321,6096.8,0.5721876911615927
1322,6099.53,0.5520750437781257
1323,6102.25,0.566296196201924
1324,6104.98,0.5659363488184568
1325,6107.709999999999,0.5650231014349897
1326,6110.4400000000005,0.5678446540515225
1327,6113.17,0.5703065066680555
1328,6115.9,0.5708871592845882
1329,6118.62,0.5741255117083865
1330,6121.349999999999,0.5545383643249194
1331,6124.08,0.5607351169414524
1332,6126.81,0.5567786695579853
1333,6129.54,0.5677613221745181
1334,6132.26,0.5664350745983164
1335,6134.99,0.5585224272148493
1336,6137.72,0.5387694798313822
1337,6140.45,0.5372753324479151
1338,6143.18,0.5627543850644479
1339,6145.9,0.5518282374882462
1340,6148.63,0.5502234901047791
1341,6151.360000000001,0.549448542721312
1342,6154.09,0.5430575953378449
1343,6156.82,0.5488393479543777
1344,6159.55,0.5279244005709106
1345,6162.2699999999995,0.533099152994709
1346,6165.000000000001,0.5346481056112419
1347,6167.7300000000005,0.5555071582277747
1348,6170.46,0.5287549108443076
1349,6173.19,0.5398483634608404
1350,6175.91,0.5530735158846388
1351,6178.639999999999,0.5531285685011716
1352,6181.370000000001,0.5613448211177046
1353,6184.1,0.5523533737342374
1354,6186.83,0.5391293263507703
1355,6189.55,0.5327678787745685
1356,6192.28,0.5296138313911015
1357,6195.009999999999,0.5441652840076344
1358,6197.740000000001,0.5465440366241672
1359,6200.47,0.5475397892407001
1360,6203.19,0.5642509416644984
1361,6205.92,0.5674597942810313
1362,6208.65,0.5614008468975642
1363,6211.38,0.5504728995140971
1364,6214.110000000001,0.5417858521306299
1365,6216.84,0.5362526047471629
1366,6219.5599999999995,0.5397121571709611
1367,6222.29,0.5334872097874941
1368,6225.02,0.5238596624040268
1369,6227.75,0.5408179150205598
1370,6230.4800000000005,0.5473189676370926
1371,6233.2,0.546767020060891
1372,6235.929999999999,0.5391865726774239
1373,6238.660000000001,0.5379414252939567
1374,6241.39,0.5467661779104896
1375,6244.12,0.5398773305270225
1376,6246.84,0.5308876829508208
1377,6249.57,0.5264611355673537
1378,6252.299999999999,0.5298912881838865
1379,6255.030000000001,0.5336534408004194
1380,6257.76,0.5371666934169523
1381,6260.4800000000005,0.5519134458407506
1382,6263.21,0.5452735984572835
1383,6265.94,0.5539877510738164
1384,6268.669999999999,0.5544855036903492
1385,6271.400000000001,0.5639465563068822
1386,6274.13,0.544940508923415
1387,6276.85,0.5418158613472134
1388,6279.58,0.5361719139637462
1389,6282.3099999999995,0.5277891665802791
1390,6285.04,0.560267419196812
1391,6287.77,0.5331832718133448
1392,6290.49,0.5405988242371432
1393,6293.22,0.557391176853676
1394,6295.95,0.5565886294702089
1395,6298.679999999999,0.5592994820867419
1396,6301.41,0.5650535347032746
1397,6304.13,0.561679887127073
1398,6306.86,0.5506690397436058
1399,6309.59,0.5485938923601387
1400,6312.32,0.5452185449766717
1401,6315.05,0.5184939975932045
1402,6317.77,0.5490374500170028
1403,6320.5,0.5459663026335356
1404,6323.23,0.5344297552500685
1405,6325.96,0.5648332078666014
1406,6328.6900000000005,0.5544862604831342
1407,6331.42,0.5458822130996671
1408,6334.14,0.5651107655234655
1409,6336.87,0.5376668181399984
1410,6339.599999999999,0.5425078707565313
1411,6342.330000000001,0.5360894233730641
1412,6345.06,0.551443175989597
1413,6347.78,0.5617360284133953
1414,6350.51,0.5606014810299282
1415,6353.24,0.5447214336464611
1416,6355.969999999999,0.5381369862629939
1417,6358.700000000001,0.5413458388795268
1418,6361.42,0.5457183913033251
1419,6364.15,0.556950043919858
1420,6366.88,0.5570327965363909
1421,6369.61,0.5736037491529238
1422,6372.339999999999,0.5394927017694566
1423,6375.06,0.5772844541932549
1424,6377.79,0.5654988068097878
1425,6380.5199999999995,0.5628150594263207
1426,6383.25,0.5659962120428536
1427,6385.98,0.5557599646593865
1428,6388.71,0.5604350172759194
1429,6391.43,0.5473232696997177
1430,6394.16,0.5368103223162506
1431,6396.889999999999,0.5430070749327833
1432,6399.62,0.5456349275493163
1433,6402.35,0.5509186801658492
1434,6405.070000000001,0.5450828325896475
1435,6407.8,0.5432013852061804
1436,6410.53,0.5410985378227132
1437,6413.259999999999,0.5531601904392461
1438,6415.990000000001,0.5528832430557791
1439,6418.71,0.5411270954795773
1440,6421.4400000000005,0.5393562480961103
1441,6424.17,0.543422700712643
1442,6426.9,0.5534094533291759
1443,6429.629999999999,0.5530219059457089
1444,6432.35,0.5476286583695071
1445,6435.08,0.5448066109860401
1446,6437.81,0.5460788636025729
1447,6440.54,0.5423162162191058
1448,6443.2699999999995,0.5530775688356386
1449,6445.999999999999,0.5505044214521715
1450,6448.72,0.5488736738759699
1451,6451.45,0.5402972264925027
1452,6454.18,0.5505883791090356
1453,6456.91,0.5456360317255685
1454,6459.639999999999,0.5370319843421013
1455,6462.360000000001,0.5339073367658997
1456,6465.09,0.5399102893824325
1457,6467.82,0.5532999419989654
1458,6470.55,0.5702304946154984
1459,6473.28,0.5669657472320311
1460,6475.999999999999,0.5614341996558295
1461,6478.7300000000005,0.5682671522723624
1462,6481.46,0.5627893048888952
1463,6484.19,0.5483202575054281
1464,6486.92,0.5432296101219609
1465,6489.639999999999,0.5324970625457593
1466,6492.37,0.5196879151622922
1467,6495.1,0.525441967778825
1468,6497.83,0.535207420395358
1469,6500.5599999999995,0.5463560730118908
1470,6503.290000000001,0.5523867256284237
1471,6506.01,0.553826778052222
1472,6508.74,0.5512813306687548
1473,6511.47,0.5551264832852878
1474,6514.2,0.5524704359018205
1475,6516.929999999999,0.5534659885183535
1476,6519.650000000001,0.5561787409421518
1477,6522.38,0.5609920935586847
1478,6525.11,0.5650585461752177
1479,6527.84,0.5520280987917504
1480,6530.57,0.5439773514082833
1481,6533.290000000001,0.5417102038320817
1482,6536.02,0.5577833564486145
1483,6538.75,0.5614901090651474
1484,6541.48,0.6025721616816803
1485,6544.21,0.6505705142982131
1486,6546.929999999999,0.6945869667220115
1487,6549.660000000001,0.6994280193385444
1488,6552.39,0.6924007719550773
1489,6555.12,0.7820623245716101
1490,6557.849999999999,1.347310577188143
1491,6560.58,1.8947976298046758
1492,6563.299999999999,2.5710996822284744
1493,6566.030000000001,1.510092734845007
1494,6568.76,0.8517229874615398
1495,6571.49,0.6279689400780728
1496,6574.219999999999,0.5913679926946057
1497,6576.94,0.6918762451184041
1498,6579.67,0.9222416977349369
1499,6582.400000000001,1.0281980503514698
1500,6585.13,0.9967422029680026
1501,6587.86,0.7545635555845356
1502,6590.58,0.5944960080083338
1503,6593.31,0.5658625606248667
1504,6596.04,0.5529704132413995
1505,6598.77,0.5573688658579324
1506,6601.5,0.5603011184744654
1507,6604.219999999999,0.5517816708982637
1508,6606.93448,0.541851200833258
1509,6606.950000000001,0.5417944232173938
1510,6609.68,0.5399682235201839
1511,6612.41,0.566692223822974
1512,6615.14,0.5526104241257642
1513,6617.87,0.5710349244285543
1514,6620.589999999999,0.5569272247302353
1515,6623.320000000001,0.5559863250330254
1516,6626.05,0.5596377253358155
1517,6628.78,0.5511720256386056
1518,6631.51,0.5515590259413956
1519,6634.23,0.5417393262430766
1520,6636.959999999999,0.5398023265458668
1521,6639.6900000000005,0.5456670268486569
1522,6642.42,0.5463583271514468
1523,6645.15,0.554685227454237
1524,6647.87,0.558448827755918
1525,6650.599999999999,0.543564928058708
1526,6653.33,0.5322496283614981
1527,6656.06,0.5369247286642883
1528,6658.79,0.5404102289670785
1529,6661.51,0.5350169292687593
1530,6664.24,0.5335502295715494
1531,6666.97,0.5358184298743396
1532,6669.7,0.5388889301771297
1533,6672.43,0.5410465304799198
1534,6675.16,0.5407418307827099
1535,6677.88,0.5373405310843908
1536,6680.610000000001,0.5363165313871809
1537,6683.34,0.529372331689971
1538,6686.07,0.5324152319927611
1539,6688.8,0.5407974322955512
1540,6691.5199999999995,0.5373128325972323
1541,6694.250000000001,0.5256103329000222
1542,6696.9800000000005,0.5359289332028124
1543,6699.71,0.5392208335056026
1544,6702.44,0.5311424338083927
1545,6705.16,0.5387515341100736
1546,6707.889999999999,0.5599978344128637
1547,6710.620000000001,0.6081897347156539
1548,6713.35,0.6799522350184439
1549,6716.08,0.7261521353212339
1550,6718.8,0.688972235622915
1551,6721.53,0.6199478359257051
1552,6724.259999999999,0.5998628362284952
1553,6726.990000000001,0.6329772365312852
1554,6729.72,0.6642105368340754
1555,6732.45,0.6710711371368655
1556,6735.17,0.5837345374385465
1557,6737.9,0.5206305377413365
1558,6740.63,0.5308939380441267
1559,6743.360000000001,0.5251946383469168
1560,6746.09,0.5196614386497069
1561,6748.8099999999995,0.5267724389513878
1562,6751.54,0.522124439254178
1563,6754.27,0.520989939556968
1564,6757.0,0.5381142398597581
1565,6759.7300000000005,0.5292335401625482
1566,6762.45,0.5408817404642292
1567,6765.179999999999,0.5064108407670194
1568,6767.910000000001,0.5363163410698094
1569,6770.64,0.5388059413725995
1570,6773.37,0.5346282416753896
1571,6784.639999999999,0.5399967429253693
1572,6800.28,0.5228436446600349
1573,6815.96,0.528846046399137
1574,6831.67,0.5398849481415665
1575,6847.42,0.5096753498884324
1576,6863.200000000001,0.5143512516386257
1577,6879.030000000001,0.5143224533943648
1578,6894.88,0.5131057551523218
1579,6910.78,0.5166179569158246
1580,6926.71,0.5165920586826548
1581,6942.68,0.5285696604539214
1582,6958.68,0.5224836622285155
1583,6974.72,0.5420429640075459
1584,6990.8,0.5395256657910129
1585,7006.92,0.5187770675789163
1586,7023.07,0.5057745693701471
1587,7039.26,0.5344630711658144
1588,7055.49,0.5570375729659182
1589,7071.75,0.5068256747693494
1590,7088.05,0.527020976577217
1591,7104.39,0.5009604783895211
1592,7120.7699999999995,0.4974744802062617
1593,7137.19,0.4761723820274388
1594,7153.64,0.48386418385194324
1595,7170.13,0.4894245856808842
1596,7186.66,0.4749553875142616
1597,7203.2300000000005,0.48153918935207546
1598,7219.830000000001,0.5007118911932168
1599,7236.47,0.5041417930387945
1600,7253.16,0.4971974948899179
1601,7269.88,0.4903373967443686
1602,7286.629999999999,0.5017359986021467
1603,7303.429999999999,0.5229267004654704
1604,7320.2699999999995,0.5098128023332306
1605,7337.139999999999,0.5180575042043181
1606,7354.05,0.5252234060798422
1607,7371.01,0.5085129079609118
1608,7388.0,0.5349057098453087
1609,7405.030000000001,0.5348786117341422
1610,7422.1,0.5107551136274122
1611,7439.210000000001,0.5250292155251186
1612,7456.36,0.5335227174272617
1613,7473.55,0.5409095193338409
1614,7490.780000000001,0.532221521244857
1615,7508.049999999999,0.5395806231603093
1616,7525.36,0.5470502250801982
1617,7542.7,0.5507850270034144
1618,7560.09,0.5357354289321763
1619,7577.5199999999995,0.5259144308653746
1620,7585.77575,0.5219270037701617
1621,7594.990000000001,0.5174767040390021
1622,7612.49,0.5115287412736531
1623,7630.04,0.5150145789004033
1624,7647.63,0.5126090168408324
1625,7665.26,0.49518005509494095
1626,7682.93,0.49858269366272856
1627,7700.639999999999,0.4950968325441954
1628,7718.4,0.4939346718177613
1629,7736.19,0.4893697113265865
1630,7754.02,0.47163745114909095
1631,7771.900000000001,0.49155589136369443
1632,7789.81,0.4825381318135573
1633,7807.77,0.4802968726555192
1634,7825.7699999999995,0.5028710138111603
1635,7843.81,0.47692215528048054
1636,7861.89,0.49249689706348
1637,7880.0199999999995,0.4902002392385785
1638,7898.18,0.49811298164893636
1639,7916.389999999999,0.4778630244513933
1640,7934.639999999999,0.47891356756752934
1641,7952.93,0.4562842109973446
1642,7971.26,0.4777526547408391
1643,7989.63,0.48547169879801283
1644,8008.05,0.4711140432472855
1645,8026.51,0.4967043880102374
1646,8045.02,0.5035643331652884
1647,8063.5599999999995,0.5012143785555986
1648,8082.150000000001,0.47971772433800797
1649,8100.78,0.4612654704340965
1650,8119.459999999999,0.4897051169222839
1651,8138.17,0.49191956364573086
1652,8156.93,0.4740757107612768
1653,8175.74,0.47733905826892176
1654,8194.59,0.46967600609024585
1655,8213.470000000001,0.48837855414682935
1656,8232.41,0.47941500267393167
1657,8251.39,0.48716105151471323
1658,8270.41,0.501933900669174
1659,8289.47,0.4793050501373139
1660,8308.59,0.47816930007597264
1661,8327.74,0.46724255024989075
1662,8346.93,0.4618488007374881
1663,8366.18,0.4802455516956043
1664,8385.460000000001,0.4649752028889798
1665,8404.789999999999,0.46815625447445436
1666,8424.17,0.4779215064520279
1667,8443.59,0.4368397587432807
1668,8463.05,0.45949791134821266
1669,8482.56,0.4615733643452436
1670,8502.119999999999,0.45836351773437356
1671,8521.710000000001,0.4499548713587629
1672,8541.36,0.4520015254536711
1673,8561.05,0.4540489798622585
1674,8580.78,0.45822673458452506
1675,8600.560000000001,0.45294298969889063
1676,8620.39,0.4395523452053552
1677,8640.26,0.460219301025499
1678,8660.18,0.4466073572377418
1679,8680.14,0.4394156137636638
1680,8700.16,0.4393869707601045
1681,8709.6359,0.4451927234130649
1682,8720.210000000001,0.4516714825520942
1683,8740.31,0.46320813397506483
1684,8760.46,0.4403017865209782
1685,8780.66,0.45363644018983423
1686,8800.9,0.4525575947570444
1687,8821.18,0.46625305022260877
1688,8841.52,0.46514660703570443
1689,8861.9,0.4629610647471542
1690,8882.33,0.4300409235815467
1691,8902.81,0.43698488353888193
1692,8923.33,0.4420209443945714
1693,8943.9,0.44401260637320344
1694,8964.52,0.42694436947477826
1695,8985.18,0.4210525334747073
1696,9005.9,0.4500718988221675
1697,9026.66,0.39106346506798195
1698,9047.47,0.4615267324367391
1699,9068.32,0.4604208007038504
1700,9089.23,0.4103194703184929
1701,9110.18,0.42080604083148965
1702,9131.18,0.44468141246742915
1703,9152.23,0.4275840852263113
1704,9173.33,0.4344732591081361
1705,9194.48,0.4275021341129037
1706,9215.67,0.43043511001602547
1707,9236.92,0.4157731872666785
1708,9258.210000000001,0.42152786541568565
1709,9279.55,0.44645514468763553
1710,9300.94,0.42144642508252816
1711,9322.380000000001,0.4412548066003635
1712,9343.869999999999,0.4402046892411415
1713,9365.41,0.43212677300486224
1714,9387.0,0.43912615789152565
1715,9408.640000000001,0.43104814390113183
1716,9430.33,0.44208743103368076
1717,9452.07,0.43597351928917233
1718,9473.859999999999,0.44504850866760665
1719,9495.7,0.44502099916898363
1720,9517.59,0.4348410907933034
1721,9539.53,0.4368052835405658
1722,9561.52,0.434758977410771
1723,9583.56,0.44281017240391884
1724,9605.66,0.437691968744598
1725,9627.8,0.43968446598363126
1726,9649.99,0.4326029643456073
1727,9672.24,0.43257596405511456
1728,9694.53,0.437528564662976
1729,9716.88,0.4305022666183687
1730,9739.28,0.42552306969670406
1731,9761.73,0.4264641738979822
1732,9784.24,0.4196027794467916
1733,9806.789999999999,0.4303380858939551
1734,9829.4,0.4263546936886499
1735,9852.06,0.42826400260628744
1736,9874.77,0.42527641264686766
1737,9897.53,0.42425392381039057
1738,9920.35,0.4193575363214448
1739,9943.220000000001,0.4241714499554417
1740,9966.14,0.4241439647123813
1741,9989.11,0.42215298059226364
1742,10000.0,0.42213383525376685
1743,10035.22,0.42207191826215623
1744,10081.539999999999,0.4161801613077655
1745,10128.07,0.4219075090822085
1746,10174.83,0.4179520620358502
1747,10221.789999999999,0.4197792194931432
1748,10268.97,0.42066568190445247
1749,10292.64,0.4177338149115675
1750,10508.169999999998,0.4041274682712428
1751,10703.53,0.38664766743769835
1752,10902.52,0.37353914834542246
1753,11105.210000000001,0.35672301257069317
1754,11311.68,0.3494242619149708
1755,11481.5362,0.3472040610408343
1756,11495.48,0.34702208998019785
1757,11709.19,0.3375701349380257
1758,11899.45,0.3238838654638613
1759,12092.8,0.3180000296611193
1760,12289.289999999999,0.31291772969276777
1761,12488.980000000001,0.30368606815436827
1762,12691.91,0.2961147467762952
1763,12898.130000000001,0.2894013677215165
1764,13107.71,0.28346233401818755
1765,13182.5674,0.2797802154450284
1766,13290.06,0.2744950392460795
1767,13506.0,0.2688848341308745
1768,13693.89,0.2633859370988477
1769,13884.39,0.25329770680132735
1770,14110.0,0.24192491943427447
1771,14306.289999999999,0.23807275901904995
1772,14505.31,0.23918387300428615
1773,14707.1,0.23055696394530117
1774,14911.69,0.23323433375858363
1775,15084.37,0.23432136506684706
1776,15135.6125,0.23511916107284533
1777,15294.21,0.23759595065132114
1778,15506.960000000001,0.23544531042842085
1779,15686.53,0.23117726468540697
1780,15904.75,0.2233668353484326
1781,16088.92,0.22390200333032897
1782,16312.75,0.22187690051438647
1783,16501.64,0.21886039562271253
1784,16692.71,0.2168787341919743
1785,16886.0,0.21344242068934494
1786,17081.54,0.2086173584652043
1787,17319.17,0.2006597968239926
1788,17378.0083,0.19867378703250252
1789,17519.72,0.19390447724370757
1790,17681.82,0.18566397536967902
1791,17886.57,0.17860534502601863
1792,18093.69,0.16986251321757448
1793,18303.19,0.16529758204787073
1794,18515.13,0.159759464138052
1795,18686.46,0.15264130381678542
1796,18902.85,0.14821342197519977
1797,19121.71,0.1459024597040715
1798,19298.649999999998,0.14102087945983577
1799,19522.13,0.13538268901685058
1800,19702.75,0.1311602828694907
1801,19885.07,0.12678333432123104
1802,19952.6231,0.126208295597475
1803,20115.33,0.1248535703134922
1804,20301.44,0.12072797751113516
1805,20489.3,0.11916457872089929
1806,20678.87,0.11603075807965044
1807,20918.32,0.11351691876674733
1808,21111.89,0.11154908443891833
1809,21307.22,0.10937194808899409
1810,21504.379999999997,0.10699903747745941
1811,21703.37,0.10373875260431432
1812,21904.170000000002,0.10195938553799175
1813,22106.86,0.09908784800476006
1814,22311.420000000002,0.09652428207305215
1815,22517.85,0.09445660774286803
1816,22673.95,0.09200375362407841
1817,22883.73,0.08287732783138343
1818,22908.6765,0.08277868877740062
1819,23095.48,0.08209810419676934
1820,23309.17,0.07245306371102268
1821,23524.859999999997,0.06869932779324132
1822,23687.91,0.06957820044661307
1823,23907.1,0.06442434002277102
1824,24072.83,0.06245837819721627
1825,24295.559999999998,0.0618025715586728
1826,24520.37,0.05793082607081326
1827,24690.33,0.05705784605650514
1828,24918.8,0.049049969228022114
1829,25091.510000000002,0.04854968424466629
1830,25323.690000000002,0.04892141143975891
1831,25499.22,0.048633310997234176
1832,25675.98,0.0494803905140081
1833,25913.54,0.0488240128969274
1834,26093.18,0.04884869939157137
1835,26274.039999999997,0.047870028772674184
1836,26302.679900000003,0.047831951191809025
1837,26517.16,0.047604842788537424
1838,26700.96,0.047004417135904676
1839,26886.05,0.04661277301868055
1840,27072.409999999996,0.04613381087817654
1841,27322.920000000002,0.04554330323105452
1842,27512.3,0.04518351445251487
1843,27703.02,0.0444764761061051
1844,27895.03,0.04413584929510394
1845,28088.41,0.04363609225426542
1846,28283.09,0.04323169652817978
1847,28479.16,0.04267371013094527
1848,28676.55,0.04221110460715215
1849,28875.350000000002,0.04184389797089868
1850,29075.489999999998,0.04140885176677508
1851,29277.01,0.04090879511215838
1852,29479.97,0.04049862668311409
1853,29684.300000000003,0.040250278024232436
1854,29890.08,0.039790337370267444
1855,30097.25,0.0394894360451536
1856,30199.5172,0.03934671891214478
1857,30305.89,0.039213054254015514
1858,30515.949999999997,0.03909631989890353
1859,30727.489999999998,0.038986798553190934
1860,30869.32,0.038666588230970945
1861,31083.280000000002,0.03857079977900599
1862,31298.750000000004,0.038479497843387694
1863,31515.69,0.03832618774818636
1864,31734.170000000002,0.03824651767627897
1865,31880.63,0.038216448592923266
1866,32101.64,0.03833603427357023
1867,32324.14,0.038648174132599
1868,32473.329999999998,0.03939577418144621
1869,32698.44,0.041885299144888755
1870,32925.08,0.048659052962642835
1871,33077.049999999996,0.048402717988605085
1872,33306.35,0.04132209275568509
1873,33537.2,0.038633348715041455
1874,33692.03,0.0374459880699782
1875,33925.55,0.03685778614764292
1876,34082.13,0.0363739700745046
1877,34318.399999999994,0.03615592962233709
1878,34476.79,0.0358606051350183
1879,34673.685,0.03574138783232195
1880,34715.79,0.035714186949050916
1881,34876.02,0.03548245209933619
1882,35117.75,0.03534593058325593
1883,35279.880000000005,0.035131190817392806
1884,35524.409999999996,0.03501207310909385
1885,35688.409999999996,0.034813176136284665
1886,35935.77,0.034756584526564674
1887,36101.63,0.03461750958321022
1888,36268.3,0.03444002649139251
1889,36519.68,0.03436008184855853
1890,36688.23,0.03419763231339398
1891,36857.61,0.03404243615696459
1892,37113.07,0.03398570306261195
1893,37284.37,0.03388512351723261
1894,37542.83,0.03380341950264565
1895,37716.11,0.033793221149911665
1896,37890.19,0.03367047388511518
1897,38065.11,0.0335920607626531
1898,38328.94,0.03361377680084672
1899,38505.89,0.03354612868902609
1900,38683.619999999995,0.033447220137944524
1901,38862.16,0.03338985343839971
1902,39131.56,0.033434444801358286
1903,39312.17,0.03338732616685178
1904,39493.61,0.03331123091108046
1905,39675.94,0.03327426361563962
1906,39810.7171,0.033202483349491815
1907,39859.06,0.033164823273986
1908,40135.329999999994,0.03320128670079511
1909,40320.619999999995,0.03316472353560695
1910,40506.719999999994,0.033069362609806745
1911,40693.67,0.03304026712040134
1912,40881.49,0.03301438366589411
1913,41070.219999999994,0.0329621454432919
1914,41259.78,0.032942966058581075
1915,41545.810000000005,0.0329775595550527
1916,41737.56,0.032965457706464904
1917,41930.2,0.03292863449127871
1918,42123.72,0.03292297161024242
1919,42318.189999999995,0.032947707158117935
1920,42513.509999999995,0.03292112814238825
1921,42709.729999999996,0.03295090605931186
1922,42906.899999999994,0.0327247524051473
1923,43104.93,0.03248768248662923
1924,43303.880000000005,0.03262817609926787
1925,43503.8,0.032431954739321735
1926,43704.590000000004,0.03241019541427379
1927,43906.299999999996,0.03243900862038255
1928,44108.95,0.03233496895615144
1929,44312.579999999994,0.03237090061858725
1930,44517.11,0.03243108921367638
1931,44722.57,0.03240739763917391
1932,44929.04,0.032514844289093486
1933,45136.399999999994,0.03256078857241466
1934,45344.73,0.03258844488315106
1935,45449.25,0.03261349566195473
1936,45659.07,0.03270629756119494
1937,45708.818999999996,0.03270036786716825
1938,45869.81,0.03263484331590167
1939,46081.52,0.032749613392963534
1940,46294.259999999995,0.032747084843174394
1941,46507.93,0.032785180455548915
1942,46722.58,0.032882182335579754
1943,46938.28,0.032884027430956655
1944,47046.469999999994,0.032848067295995265
1945,47263.62,0.03296578445065959
1946,47481.76,0.03295346029407877
1947,47700.96,0.03301696077394255
1948,47921.12,0.03308153667926559
1949,48142.3,0.03307445953663909
1950,48253.27,0.033152599467070124
1951,48476.03999999999,0.033166300279110515
1952,48699.77,0.033216768516610165
1953,48924.55,0.03326862596945589
1954,49150.41,0.03332163090094326
1955,49263.700000000004,0.033348465526234175
1956,49491.08,0.03340339946469871
1957,49719.509999999995,0.03353552861850931
1958,49949.04,0.03362427309315864
1959,50064.17,0.03366040720057979
1960,50295.240000000005,0.03378373352440336
1961,50527.38,0.03389048990577004
1962,50643.9,0.03394425154588741
1963,50760.64,0.034015007450172524
1964,50877.65,0.03410250572411806
1965,50994.92,0.03415667494662548
1966,51112.469999999994,0.034210716959891835
1967,51230.29,0.03428178334281862
1968,51348.43,0.03435329720089848
1969,51466.799999999996,0.03440778074424464
1970,51585.43,0.034479286236152665
1971,51704.340000000004,0.03456781551881965
1972,51823.52,0.034622466171147045
1973,51942.979999999996,0.034677543614233385
1974,52062.71,0.03474964242698016
1975,52182.77,0.03483879913597854
1976,52303.06,0.0348940485302432
1977,52423.62,0.03496659829416828
1978,52480.746,0.035008944787571786
1979,52544.46,0.035034131236914116
1980,52665.58,0.03508195478469955
1981,52786.98,0.035129833249537314
1982,52908.72,0.03514375039936722
1983,53030.670000000006,0.03517458773698638
1984,53152.91,0.035205756952981185
1985,53275.439999999995,0.035253853047351624
1986,53398.24,0.03530228509745112
1987,53521.32,0.035350497064602956
1988,53644.689999999995,0.03539903791013043
1989,53768.409999999996,0.03544792040197334
1990,53892.350000000006,0.0354965760429288
1991,54016.57,0.03554556260093661
1992,54141.09,0.03557690099864336
1993,54265.89,0.03562599931340244
1994,54390.97,0.03567515554521388
1995,54516.35,0.035742070616724256
1996,54642.07,0.03579162837322677
1997,54768.030000000006,0.03582324920148843
1998,54894.270000000004,0.03589089094680243
1999,55020.8,0.035958589570492076
2000,55147.630000000005,0.036008638033880665
2001,55274.75,0.036094986375644886
2002,55402.22,0.03616370036372455
2003,55529.93,0.03621419842356336
2004,55657.93,0.03628328936177781
2005,55786.23,0.03638978513969121
2006,55914.82,0.03644101479598024
2007,56043.700000000004,0.03652992133064492
2008,56172.89000000001,0.03661916366633184
2009,56302.43,0.03670930764833418
2010,56432.21,0.03679977570209568
2011,56562.29,0.03691021959555612
2012,56692.67,0.0370215523287155
2013,56823.36,0.03711413186289711
2014,56954.33,0.037227244314131075
2015,57085.67999999999,0.037361449295650356
2016,57217.27,0.03749709034892879
2017,57349.16,0.03763417024190617
2018,57481.350000000006,0.03777269297458248
2019,57613.85,0.03793396050828104
2020,57746.659999999996,0.038097501843001834
2021,57879.77,0.038284895017421564
2022,58013.25,0.038475407760803326
2023,58146.97,0.038668453575944235
2024,58281.0,0.03886433119210739
2025,58415.350000000006,0.03911089157061608
2026,58550.00000000001,0.0393862807888237
2027,58684.96000000001,0.039618300808053564
2028,58820.23,0.03993006162830566
2029,58955.88,0.04022363697884309
2030,59080.450000000004,0.041339999183166325
2031,59387.840000000004,0.039911078300023675
2032,59695.21000000001,0.04199174349423443
2033,60002.61,0.04418858457241508
2034,60255.9586,0.045188434701026334
2035,60309.990000000005,0.04539076702282854
2036,60617.37,0.04734520824629414
2037,60924.77,0.047869919355973754
2038,61232.15,0.053811140579439344
2039,61539.53,0.06510469180290493
2040,61846.92,0.07461414296947755
2041,62154.299999999996,0.07928223419294313
2042,62461.69,0.07691512535951572
2043,62769.06999999999,0.06877714658298131
2044,63076.46,0.06343051774955392
2045,63383.85,0.05831076891612653
2046,63691.23,0.05502160013959212
2047,63998.60999999999,0.05075946136305771
2048,64306.01,0.04914512247273733
2049,64613.39,0.04773523369620292
2050,64920.770000000004,0.04522953491966851
2051,65228.17,0.04525931602934812
2052,65535.54,0.0448259973097067
2053,65842.93,0.0450981284762793
2054,66150.32,0.04436769964285191
2055,66457.7,0.04354318086631749
2056,66765.08,0.04368723208978308
2057,67000.0,0.045454841631376905
2058,67072.48,0.04599541718825917
2059,67379.86,0.04565965144533758
2060,67687.25,0.04342718498520138
2061,67994.63,0.04478671924227979
2062,68302.02,0.04634682278214358
2063,68609.41,0.044621736322007374
2064,68916.78,0.04683778129630041
2065,69224.18000000001,0.047030404118949584
2066,69242.2916,0.04711546725684562
2067,69531.56,0.048424915377921825
2068,69838.94,0.05102558033402621
2069,70146.33,0.04839149287438971
2070,70453.72,0.046562445414753184
2071,70761.1,0.049763990370857575
2072,71068.49,0.04897017291122106
2073,71375.87,0.048499487867325455
2074,71559.6261,0.050178285823412536
2075,71683.26999999999,0.05128882892648054
2076,71990.64,0.048155581948796676
2077,72298.03,0.05027420705511727
2078,72605.43000000001,0.054150128203440076
2079,72912.8,0.05493892122575623
2080,73220.19,0.05327410633207682
2081,73527.58,0.05404076143839741
2082,73834.96,0.05567859050271578
2083,73954.515,0.05748633346089309
2084,74142.34000000001,0.060225781089598744
2085,74449.73,0.06356360181322873
2086,74737.0,0.059779870094490914
2087,74757.12,0.06826532253685871
2088,75064.51000000001,0.06852405326048866
2089,75352.98,0.06764124399358194
2090,75371.89,0.07271949329702006
2091,75968.98000000001,0.07261991926687014
2092,76429.5536,0.0716614654379279
2093,76584.97,0.0712428415918472
2094,77200.97,0.06765258835448315
2095,77816.97,0.0664913151171191
2096,78432.97,0.06380018187975506
2097,78987.42450000001,0.05939077686495685
2098,79048.96,0.058891638739716916
2099,79664.96,0.05227668973243786
2100,80280.95999999999,0.04737696072515883
2101,80896.95000000001,0.04277631874335065
2102,81512.95,0.03920698973607162
2103,81630.8998,0.03876954934971323
2104,82128.95,0.03698896015526948
2105,82744.94,0.035586221970186044
2106,83360.93999999999,0.035331008095429356
2107,83976.94,0.034059654220672614
2108,84362.84430000001,0.03380392128302931
2109,84592.94,0.03381044305074851
2110,85208.93,0.03518544156065261
2111,85824.94,0.03574900251178171
2112,86440.92000000001,0.033889149801073284
2113,87056.92000000001,0.02962823953158989
2114,87186.21900000001,0.028757853601080244
2115,87672.92,0.025658205129475295
2116,88288.91,0.02202944637948164
2117,88904.9,0.019485147629487994
2118,89520.9,0.018141231728944007
2119,90104.0836,0.017459774653323296
2120,90136.89,0.017426101490420953
2121,90752.90000000001,0.016216183240859473
2122,91368.89,0.015315844450568123
2123,91984.89,0.014941135930641707
2124,92600.89000000001,0.014483984410715287
2125,93119.6005,0.014344804553764818
2126,93216.88,0.014356073731457412
2127,93832.87,0.014049805041963332
2128,94448.87,0.013978966464456632
2129,95064.87,0.013782250886949933
2130,95680.85999999999,0.013414014197455852
2131,96236.03790000001,0.014153020352793925
2132,96296.86,0.014245970368304432
2133,96912.86,0.01454332260637058
2134,97528.86,0.013923306844436725
2135,98144.84999999999,0.013195117999398355
2136,98760.84999999999,0.013699956237464504
2137,99376.81,0.013596988143112596
2138,99456.7731,0.013624131071264482
2139,99992.85,0.0138598983716952
2140,100608.81,0.014013506851424896
2141,101224.87,0.014177937198009541
2142,101840.82,0.014142315591053752
2143,102456.87,0.013935756850952899
2144,102785.297,0.014061175847191597
2145,103072.83,0.014164803702414429
2146,103688.79,0.014759441747282514
2147,104304.83,0.015294073767674322
2148,104920.79000000001,0.01562091781254241
2149,105536.84999999999,0.01642915857681514
2150,106152.8,0.016923649749742767
2151,106225.216,0.016923273317387424
2152,106768.75000000001,0.016957914042411492
2153,107384.81,0.017310929186453838
2154,108000.77,0.017438439718032467
2155,108616.81000000001,0.018568832739582077
2156,109232.77,0.0195260142711607
2157,109780.26,0.021480619409306866
2158,109848.82,0.02172515222436088
2159,110464.78,0.023198112785609466
2160,111080.73,0.025944479819834207
2161,111696.79000000001,0.03441614565132133
2162,112312.74,0.041271862685546064
2163,112928.79,0.039370014990009326
2164,113454.28,0.03498467020841732
2165,113544.75000000001,0.034229011756516506
2166,114160.79999999999,0.030406293990785795
2167,114776.75,0.02730892168853464
2168,115392.70999999999,0.02547832283993552
2169,116008.77,0.024289298527856863
2170,116624.71999999999,0.023338999225605696
2171,117240.76999999999,0.023284241459874993
2172,117251.259,0.02328674749045652
2173,117856.72,0.023433297147559172
2174,118472.78,0.02442897096347152
2175,119088.73,0.025035364445293435
2176,119704.69,0.025481021412032664
2177,120320.75000000001,0.02553497322794502
2178,120936.7,0.02528541670976693
2179,121175.312,0.025135082563141467
2180,121552.75,0.02487473298557508
2181,122168.7,0.02530516549894559
2182,122784.67,0.02614780778724956
2183,123400.71999999999,0.02647398017528739
2184,124016.67,0.026973573688657902
2185,124632.72,0.02782897607669573
2186,125230.691,0.028522654279590488
2187,125248.68,0.02854271837275918
2188,125864.73,0.029199893446555235
2189,126480.69,0.030073096556133057
2190,127096.64,0.031224607225242187
2191,127712.7,0.034599024739506934
2192,128328.65,0.03481961540861607
2193,128944.7,0.028641890482412124
2194,129421.79100000001,0.026153128589061193
2195,129560.66,0.02541650321077868
2196,130176.61,0.024865029037330556
2197,130792.66,0.025007961475835765
2198,131408.63,0.02487063342477831
2199,132024.69,0.024832360424478853
2200,132640.63,0.024782173689835398
2201,133256.69,0.02466588668953594
2202,133753.155,0.024573926675101457
2203,133872.64,0.02454273499870726
2204,134488.59,0.0247067286473242
2205,135104.66,0.024825081931719745
2206,135720.59,0.024740090974373588
2207,136336.66,0.024743911258769135
2208,136952.61000000002,0.024374524907386078
2209,137568.66,0.024290647585818524
2210,138184.61,0.02410495623443546
2211,138229.477,0.024111057814903844
2212,138800.56,0.02415729003536073
2213,139416.63,0.024355439510522926
2214,140032.58000000002,0.024296581954378584
2215,140648.63,0.02429001092432302
2216,141264.58,0.02451665436817868
2217,141880.64,0.024676349590731998
2218,142496.59,0.024588166034587657
2219,142855.609,0.02425458290734725
2220,143112.55,0.023995099562898782
2221,143728.61000000002,0.02377528929845084
2222,144258.66,0.023428840044107706
2223,145168.23,0.02310006724663033
2224,146077.94,0.022732001681667606
2225,146987.55,0.022617627664908706
2226,147636.563,0.022517860163059688
2227,147897.13,0.022479195778538432
2228,148806.73,0.02227783022291823
2229,149716.44,0.022136767151267778
2230,150626.03,0.022148422097104867
2231,151535.63,0.022159798541484664
2232,152445.31,0.022018185974206097
2233,152577.522,0.02200536360687248
2234,153354.92,0.021924503763673647
2235,154264.5,0.022003352810314125
2236,155174.11,0.022649883141680954
2237,156083.80000000002,0.02271102089898473
2238,156993.41,0.022147489230351564
2239,157683.84,0.022043754028806633
2240,157902.98,0.02201335941994467
2241,158812.69,0.02216578212600967
2242,159722.3,0.022154433394879738
2243,160631.88,0.022044876032591317
2244,161541.58,0.022195085194936827
2245,162451.19,0.022612817463806893
2246,162961.05099999998,0.02320659528931894
2247,163360.77,0.023668169098527196
2248,164270.38,0.02485959005724714
2249,165180.08,0.0245947260236696
2250,166089.65999999997,0.023902169646488704
2251,166999.27,0.02375460960520865
2252,167908.86000000002,0.023672893673328033
2253,168414.875,0.023714534066764617
2254,168818.56,0.023761426523401658
2255,169728.16,0.024879638352634646
2256,170637.77000000002,0.025527820965869714
2257,171547.44999999998,0.024341267067119345
2258,172457.05000000002,0.02380345489635233
2259,173366.66,0.0238690155095874
2260,174051.222,0.02350385088397582
2261,174276.34000000003,0.02338481868194818
2262,175185.94,0.02249272145460952
2263,176095.55,0.021847672058007146
2264,177005.13,0.02161151016919591
2265,177914.81,0.021608562587747543
2266,178824.42,0.02139370219114517
2267,179734.02,0.021046879963806504
2268,179876.201,0.02101628113630353
2269,180643.7,0.020838136280482065
2270,181553.31,0.020703900037820612
2271,182462.91,0.020576581133427675
2272,183372.59,0.020653702522886598
2273,184282.19999999998,0.020613803280225145
2274,185191.8,0.02058690837583221
2275,185896.125,0.02096002929230492
2276,186101.39,0.021075209650171924
2277,187011.08000000002,0.02253479167881496
2278,187920.69,0.02175877190374213
2279,188830.27,0.020778863202275847
2280,189739.98,0.020710235181847853
2281,190649.59000000003,0.020475341406775024
2282,191559.16,0.020351107729844255
2283,192117.51799999998,0.020318830759751452
2284,192468.77000000002,0.02029182143954958
2285,193378.47,0.02017429156388614
2286,194288.06000000003,0.020126480057736082
2287,195197.66,0.020124038336175716
2288,196107.36,0.020049112460512282
2289,197016.95,0.01999106495436222
2290,197926.55,0.01990618223280186
2291,198547.123,0.019820526268587855
2292,198836.16,0.019781194030142193
2293,199745.84,0.019938765667022594
2294,200655.44,0.019814708871431195
2295,201565.05,0.019859408879898767
2296,202474.72999999998,0.019759696516779172
2297,203566.06,0.019620460884948954
2298,205191.907,0.019765308490614954
2299,205317.31,0.019773251872497396
2300,207069.63999999998,0.019611080047946858
2301,208822.86000000002,0.019426735869180013
2302,210577.17,0.019466151267833656
2303,212059.073,0.019377004632108785
2304,212332.48,0.01936146079587802
2305,214088.88,0.01913989643964425
2306,215846.16,0.01916423509056518
2307,217604.55000000002,0.019207893080056243
2308,219156.062,0.019068750880126894
2309,219363.94,0.019050372010232644
2310,221124.38999999998,0.01887956294525448
2311,222885.86,0.0189098362974729
2312,224648.3,0.018908531105260615
2313,226411.83000000002,0.01876526047652311
2314,226490.56699999998,0.01875845831348935
2315,228176.36000000002,0.01856318962616704
2316,229941.88999999998,0.018524718470277708
2317,231708.50000000003,0.018440801489243312
2318,233476.13,0.018321954895571917
2319,234070.535,0.018269344967431343
2320,235244.81000000003,0.01817145885813338
2321,237014.59,0.018072641319849196
2322,238785.39,0.018001146421718555
2323,240557.16,0.017852126416675117
2324,241904.18300000002,0.017725393645715293
2325,242330.05,0.017682673250191946
2326,244103.88999999998,0.017491759949384133
2327,245878.94999999998,0.01736992067598184
2328,247654.88999999998,0.01727346966824911
2329,249431.90999999997,0.017178049668383558
2330,250000.0,0.017130480160354938
2331,251210.03000000003,0.017027290423126878
2332,252989.25,0.016869764616826613
2333,254769.45,0.016804568435356226
2334,256550.75,0.016729333138898975
2335,258333.14,0.016740056455772923
2336,260116.62000000002,0.016588306385978066
2337,261901.09,0.016237298212695036
2338,263686.63,0.016061607109379324
2339,265473.33999999997,0.015935903792850314
2340,267260.94,0.01577555565601374
2341,269049.81,0.01564969502278325
2342,270839.63,0.015520722199336822
2343,272630.56,0.015341871532585472
2344,274422.56,0.015187841935801444
2345,275422.87,0.015133045124836332
2346,276215.66000000003,0.015092598690218114
2347,278009.88,0.01498748324030227
2348,279805.12,0.014902771339171464
2349,281601.53,0.014957408626352897
2350,283399.0,0.014754965699526628
2351,285197.56,0.01444732148659809
2352,286997.19,0.014321085368963657
2353,288797.94,0.014180937893132402
2354,290599.78,0.014085810131198879
2355,292402.69,0.013978712464559463
2356,294206.72,0.013872090439723225
2357,296011.91,0.013718635293897415
2358,297818.22,0.013595256789874784
2359,299625.5,0.013456872288128113
2360,301433.97000000003,0.013401677593297317
2361,303243.52999999997,0.013278904612364261
2362,305054.31,0.013206121366252516
2363,306866.09,0.013092877050322176
2364,308679.02999999997,0.012944696613402277
2365,310493.13,0.012830186055492802
2366,312308.27999999997,0.012662209974273808
2367,314124.63,0.012620856009272503
2368,315942.08999999997,0.01251247637677256
2369,316227.766,0.012492614399000146
2370,317760.59,0.012403915553381445
2371,319580.27999999997,0.012371929378348998
2372,321401.19,0.012384138163269318
2373,323223.13,0.012212314816018623
2374,325046.16,0.01217460389200442
2375,326870.47,0.012100578483350501
2376,328695.91,0.012104226201538084
2377,330522.41000000003,0.012051931065258401
2378,332350.06,0.012115207907622733
2379,334178.87,0.013032158154532318
2380,336008.91,0.01301396278729593
2381,337840.08999999997,0.011852588972802298
2382,339672.38,0.011389967433347659
2383,341505.78,0.01125234416893202
2384,343340.41,0.011224480290370408
2385,345176.22000000003,0.011285075668156555
2386,347013.13,0.012849749895080451
