,lambda (Angstroms),Total Flux (erg/s/cm^2/Angstrom)
0,1005.0,21.957231638106688
1,1015.0,21.68150094509415
2,1025.0,21.40073105208161
3,1035.0,21.131342949069072
4,1045.0,20.870893766056536
5,1055.0,20.602056173043998
6,1065.0,20.325485680031463
7,1075.0,20.056717887018923
8,1085.0,19.778829994006383
9,1095.0,19.511919700993847
10,1096.4782,19.473984167620735
11,1105.0,19.297406465964748
12,1115.0,19.080824918561632
13,1125.0,18.86135107115851
14,1135.0,18.645083223755393
15,1145.0,18.41560737635228
16,1155.0,18.200664028949166
17,1165.0,17.983385481546048
18,1175.0,17.750355134142932
19,1185.0,17.52115818673981
20,1195.0,17.258265439336697
21,1205.0,17.036118491933582
22,1215.0,16.803976804530468
23,1225.0,16.58815169712735
24,1235.0,16.401101449724234
25,1245.0,16.211423602321116
26,1255.0,15.991426854918002
27,1258.92541,15.890007706066633
28,1265.0,15.772002427682546
29,1275.0,15.690129345272888
30,1285.0,15.56166606286323
31,1295.0,15.378068780453571
32,1305.0,15.183669198043912
33,1315.0,15.081167215634254
34,1325.0,14.933325933224598
35,1335.0,14.74331665081494
36,1345.0,14.63715436840528
37,1355.0,14.469484085995623
38,1365.0,14.284981803585964
39,1375.0,14.152612521176307
40,1385.0,13.995189238766647
41,1395.0,13.843060956356991
42,1405.0,13.682081673947332
43,1415.0,13.506083391537674
44,1425.0,13.364479109128016
45,1435.0,13.187433826718358
46,1442.0,13.097692729031596
47,1445.43977,13.05663312933017
48,1447.0,13.045508589199322
49,1455.0,12.947218075270738
50,1465.0,12.814267432860008
51,1475.0,12.69518679044928
52,1485.0,12.600603148038552
53,1495.0,12.504174505627821
54,1505.0,12.390704863217092
55,1512.0,12.284462413529582
56,1517.0,12.25058809232422
57,1525.0,12.133027578395636
58,1535.0,11.997705935984905
59,1545.0,11.941109293574177
60,1555.0,11.804534651163449
61,1565.0,11.67956300875272
62,1575.0,11.58529536634199
63,1585.0,11.493499723931262
64,1595.0,11.395817081520532
65,1605.0,11.269800439109803
66,1615.0,11.156783796699074
67,1625.0,11.023798154288345
68,1635.0,10.925939511877615
69,1645.0,10.825363869466887
70,1655.0,10.679309227056157
71,1659.58691,10.642510905604139
72,1665.0,10.617103399757534
73,1672.0,10.50279718943326
74,1677.0,10.527664610630206
75,1685.0,10.489113084545322
76,1695.0,10.389657926939217
77,1705.0,10.29891476933311
78,1715.0,10.217305611727003
79,1725.0,10.137539454120898
80,1735.0,10.077290296514791
81,1745.0,9.995156138908685
82,1755.0,9.94386298130258
83,1765.0,9.825345823696473
84,1775.0,9.772240666090365
85,1785.0,9.69083850848426
86,1795.0,9.642925350878155
87,1805.0,9.552183193272048
88,1815.0,9.468097035665945
89,1825.0,9.383069878059837
90,1835.0,9.29319972045373
91,1845.0,9.195940562847627
92,1855.0,9.129835405241518
93,1865.0,9.059481247635413
94,1875.0,8.990484090029307
95,1885.0,8.9052489324232
96,1895.0,8.830083774817094
97,1905.0,8.74530161721099
98,1905.46072,8.74198313593376
99,1915.0,8.693105968174892
100,1925.0,8.635037172703043
101,1935.0,8.564144377231196
102,1945.0,8.529216581759348
103,1955.0,8.467209786287501
104,1967.0,8.416242431721283
105,1976.0,8.36432891579662
106,1984.0,8.31048667941914
107,1995.0,8.23946760440011
108,2005.0,8.17906380892826
109,2015.0,8.112213013456413
110,2025.0,8.057630217984565
111,2035.0,8.004197422512718
112,2045.0,7.959511627040869
113,2055.0,7.890918831569022
114,2065.0,7.829435036097173
115,2074.0,7.7960625201725104
116,2078.0,7.78311440198377
117,2085.0,7.744453445153478
118,2095.0,7.67530264968163
119,2105.0,7.607755854209782
120,2115.0,7.553208058737934
121,2125.0,7.499007263266086
122,2135.0,7.411770467794239
123,2145.0,7.377573672322391
124,2155.0,7.324975876850543
125,2165.0,7.253004081378694
126,2175.0,7.193750285906847
127,2185.0,7.141710490434999
128,2187.7616199999998,7.1291680973639036
129,2195.0,7.109644238094889
130,2205.0,7.060226546319915
131,2215.0,7.001609854544942
132,2225.0,6.959197162769966
133,2235.0,6.947383470994993
134,2245.0,6.891415779220018
135,2255.0,6.839105087445044
136,2265.0,6.80348939567007
137,2275.0,6.775818703895095
138,2285.0,6.750588012120121
139,2295.0,6.697998320345147
140,2305.0,6.661092628570173
141,2315.0,6.6100729367951985
142,2325.0,6.527898245020225
143,2335.0,6.51054155324525
144,2345.0,6.456072861470275
145,2355.0,6.451088169695303
146,2365.0,6.380518477920327
147,2375.0,6.356191786145353
148,2385.0,6.291860094370379
149,2395.0,6.2703934025954045
150,2405.0,6.225715710820431
151,2415.0,6.194769019045457
152,2425.0,6.182048327270482
153,2435.0,6.1375796354955074
154,2445.0,6.114961943720534
155,2455.0,6.07425825194556
156,2465.0,6.031880560170586
157,2475.0,5.982950868395611
158,2485.0,5.943920176620637
159,2495.0,5.902029484845663
160,2505.0,5.894536793070688
161,2511.88643,5.832721655075694
162,2513.0,5.82382095705369
163,2518.0,5.807009757834042
164,2525.0,5.779465678926532
165,2535.0,5.759049280487235
166,2545.0,5.731210882047937
167,2555.0,5.731009483608639
168,2565.0,5.6884640851693415
169,2575.0,5.679061686730043
170,2585.0,5.644915288290746
171,2595.0,5.608643889851448
172,2605.0,5.56968849141215
173,2615.0,5.5355070929728525
174,2625.0,5.528857694533555
175,2635.0,5.523670296094258
176,2645.0,5.53493389765496
177,2655.0,5.5321514992156615
178,2665.0,5.448415100776364
179,2675.0,5.439082702337066
180,2685.0,5.416820303897768
181,2695.0,5.362146905458471
182,2705.0,5.353755507019173
183,2715.0,5.295458108579875
184,2725.0,5.2597797101405765
185,2735.0,5.252641311701279
186,2745.0,5.167927913261981
187,2755.0,5.153646514822683
188,2765.0,5.143304116383386
189,2775.0,5.129787717944088
190,2785.0,5.067135319504789
191,2795.0,4.9741982210654925
192,2805.0,4.9610665226261945
193,2815.0,5.008816124186897
194,2825.0,5.0161757257475985
195,2835.0,4.979242327308301
196,2845.0,4.930388928869004
197,2855.0,4.875543530429706
198,2865.0,4.901861131990407
199,2875.0,4.89060973355111
200,2884.0315,4.857851220050658
201,2885.0,4.8551561314699
202,2895.0,4.844612680971616
203,2910.0,4.869504005224192
204,2930.0,4.803462104227625
205,2950.0,4.753696203231059
206,2970.0,4.725084302234492
207,2990.0,4.688141401237927
208,3010.0,4.6544405002413605
209,3030.0,4.618265599244795
210,3050.0,4.5819856982482285
211,3070.0,4.553826797251663
212,3090.0,4.516361896255096
213,3110.0,4.490572995258529
214,3130.0,4.438645094261964
215,3150.0,4.401285193265398
216,3170.0,4.372847292268832
217,3190.0,4.300498391272265
218,3210.0,4.2833514902757
219,3230.0,4.209398589279133
220,3250.0,4.2273456882825675
221,3270.0,4.221558787286001
222,3290.0,4.175729886289434
223,3310.0,4.127114985292868
224,3311.31121,4.1246359525970835
225,3330.0,4.100368261129903
226,3350.0,4.063941942594374
227,3370.0,3.987265624058845
228,3390.0,3.9775023055233163
229,3410.0,3.953899986987787
230,3430.0,3.931066668452258
231,3450.0,3.914226349916729
232,3470.0,3.8896510313812005
233,3490.0,3.8845887128456713
234,3510.0,3.8729063943101423
235,3530.0,3.818011075774613
236,3550.0,3.8261937572390843
237,3570.0,3.7135184387035554
238,3590.0,3.686956120168027
239,3610.0,3.703327801632498
240,3630.0,3.688855483096969
241,3640.0,3.682144323829204
242,3650.0,3.71063016456144
243,3670.0,3.691628846025911
244,3690.0,3.620006527490382
245,3710.0,3.626446208954853
246,3730.0,3.515443890419324
247,3750.0,3.5522025718837953
248,3770.0,3.5927932533482663
249,3790.0,3.6187489348127375
250,3801.8939600000003,3.6173975915242957
251,3810.0,3.61985714665928
252,3830.0,3.429373597185023
253,3850.0,3.5539300477107663
254,3870.0,3.5721944982365095
255,3890.0,3.4541989487622526
256,3910.0,3.6230143992879955
257,3930.0,3.364574849813739
258,3950.0,3.5065553003394823
259,3970.0,3.2596177508652255
260,3990.0,3.623936201390968
261,4010.0,3.687854651916711
262,4030.0,3.666391102442454
263,4050.0,3.6229735529681975
264,4070.0,3.5617820034939403
265,4090.0,3.572380454019684
266,4110.0,3.4557779045454273
267,4130.0,3.5378183550711704
268,4150.0,3.5323858055969133
269,4170.0,3.5140592561226565
270,4190.0,3.4863227066483997
271,4210.0,3.4725271571741425
272,4230.0,3.418304607699886
273,4250.0,3.435176058225629
274,4270.0,3.373288508751372
275,4290.0,3.326384959277115
276,4310.0,3.2261624098028583
277,4330.0,3.306460860328601
278,4350.0,3.2473583108543442
279,4365.15832,3.3531197667870103
280,4370.0,3.3883609225664237
281,4390.0,3.3074130033789104
282,4410.0,3.3209050841913967
283,4430.0,3.339626165003883
284,4450.0,3.3360442458163693
285,4470.0,3.3652203266288554
286,4490.0,3.3605924074413425
287,4510.0,3.4566854882538287
288,4530.0,3.324152569066315
289,4550.0,3.3376476498788015
290,4570.0,3.3939977306912885
291,4590.0,3.325251811503775
292,4610.0,3.3331758923162607
293,4630.0,3.288121973128747
294,4650.0,3.2890640539412335
295,4670.0,3.3095281347537204
296,4690.0,3.2710922155662066
297,4710.0,3.2201202963786932
298,4730.0,3.2468603771911795
299,4750.0,3.2582644580036657
300,4770.0,3.2309785388161525
301,4790.0,3.216242619628639
302,4810.0,3.1927967004411255
303,4830.0,3.2010607812536116
304,4850.0,3.081780862066098
305,4870.0,2.9593629428785846
306,4890.0,3.108763023691071
307,4910.0,3.1037871045035574
308,4930.0,3.069887185316044
309,4950.0,3.09871526612853
310,4970.0,3.065169346941017
311,4990.0,2.982125427753503
312,5010.0,2.916161508565989
313,5011.87234,2.919773728076412
314,5030.0,2.9585688596354256
315,5050.0,2.9428239990831133
316,5070.0,2.972036138530801
317,5090.0,2.9095932779784888
318,5110.0,2.921726417426177
319,5130.0,2.875663556873864
320,5150.0,2.833084696321552
321,5170.0,2.7608848357692395
322,5190.0,2.774063975216927
323,5210.0,2.8241851146646146
324,5230.0,2.871169254112303
325,5250.0,2.9003763935599904
326,5270.0,2.774512533007678
327,5290.0,2.8883986724553656
328,5310.0,2.933649811903053
329,5330.0,2.797673951350741
330,5350.0,2.875322090798429
331,5370.0,2.8585432302461165
332,5390.0,2.822924369693804
333,5410.0,2.7956805091414916
334,5430.0,2.8022366485891794
335,5450.0,2.820297788036867
336,5470.0,2.784338927484555
337,5490.0,2.7762600669322426
338,5510.0,2.75529120637993
339,5530.0,2.777192345827618
340,5550.0,2.7809534852753055
341,5570.0,2.7495246247229934
342,5590.0,2.713569764170681
343,5610.0,2.739296903618369
344,5630.0,2.7183280430660566
345,5650.0,2.7217491825137445
346,5670.0,2.6854403219614316
347,5690.0,2.7080314614091194
348,5710.0,2.663012600856807
349,5730.0,2.7375237403044945
350,5750.0,2.6803048797521827
351,5754.399369999999,2.680753866134781
352,5770.0,2.6846511027387265
353,5790.0,2.6338673581514187
354,5810.0,2.6695136135641104
355,5830.0,2.6936698689768024
356,5850.0,2.6502161243894946
357,5870.0,2.6412623798021864
358,5890.0,2.5071916352148778
359,5910.0,2.60697489062757
360,5930.0,2.608461146040262
361,5950.0,2.6005574014529538
362,5970.0,2.610763656865646
363,5990.0,2.5826399122783377
364,6010.0,2.560436167691029
365,6030.0,2.581812423103721
366,6050.0,2.5927186785164134
367,6070.0,2.5827049339291053
368,6090.0,2.533681189341797
369,6110.0,2.529257444754489
370,6130.0,2.464187700167181
371,6150.0,2.4817179555798727
372,6170.0,2.4250192109925646
373,6190.0,2.4794924664052567
374,6210.0,2.4621677218179485
375,6230.0,2.4214979772306404
376,6250.0,2.3811772326433323
377,6270.0,2.4206614880560244
378,6290.0,2.432615743468716
379,6310.0,2.395082998881408
380,6330.0,2.4014602542941
381,6350.0,2.389716509706792
382,6370.0,2.377273765119484
383,6390.0,2.394456020532176
384,6410.0,2.366333275944868
385,6430.0,2.3678315313575595
386,6450.0,2.3522547867702515
387,6470.0,2.3432970421829435
388,6490.0,2.3155222975956353
389,6510.0,2.3414165530083273
390,6530.0,2.328276808421019
391,6550.0,2.2858670638337113
392,6570.0,2.211393319246403
393,6590.0,2.2899095746590947
394,6606.93448,2.296489683127151
395,6610.0,2.2980159041298895
396,6630.0,2.282532242543854
397,6650.0,2.277853580957819
398,6670.0,2.2494779193717838
399,6690.0,2.258737257785748
400,6710.0,2.215027596199713
401,6730.0,2.235439934613677
402,6750.0,2.212987273027642
403,6770.0,2.212837611441606
404,6790.0,2.194567949855571
405,6810.0,2.1951162882695354
406,6830.0,2.2008926266835003
407,6850.0,2.1700739650974645
408,6870.0,2.181427303511429
409,6890.0,2.1896416419253937
410,6910.0,2.1807819803393587
411,6930.0,2.1673893187533233
412,6950.0,2.1616656571672874
413,6970.0,2.168136995581252
414,6990.0,2.157883333995217
415,7010.0,2.1361276724091813
416,7030.0,2.1520100108231457
417,7050.0,2.1522103492371105
418,7070.0,2.1182556876510747
419,7090.0,2.0839560260650396
420,7110.0,2.055229364479004
421,7130.0,2.0324297028929688
422,7150.0,2.024961041306933
423,7170.0,2.029693379720898
424,7190.0,2.0034067181348623
425,7210.0,2.019986056548827
426,7230.0,2.0327303949627913
427,7250.0,2.0339767333767558
428,7270.0,2.0341760717907205
429,7290.0,2.014162410204685
430,7310.0,2.0352727486186497
431,7330.0,2.0330320870326144
432,7350.0,2.0367174254465787
433,7370.0,2.055386763860543
434,7390.0,2.030494102274508
435,7410.0,2.0251194406884725
436,7430.0,2.041697779102437
437,7450.0,2.0366701175164015
438,7470.0,2.0466294559303666
439,7490.0,2.0388117943443307
440,7510.0,2.0452861327582954
441,7530.0,2.05698447117226
442,7550.0,2.0585798095862247
443,7570.0,2.049021148000189
444,7585.77575,2.0285618447618945
445,7590.0,2.023408934631538
446,7610.0,2.0024961298479362
447,7630.0,1.9798433250643348
448,7650.0,1.9571895202807332
449,7670.0,1.9090947154971318
450,7690.0,1.9275629107135304
451,7710.0,1.908394105929929
452,7730.0,1.9052553011463274
453,7750.0,1.895846496362726
454,7770.0,1.9031616915791243
455,7790.0,1.909083886795523
456,7810.0,1.9021120820119215
457,7830.0,1.89165527722832
458,7850.0,1.8752744724447186
459,7870.0,1.8874706676611168
460,7890.0,1.8693478628775155
461,7910.0,1.845995058093914
462,7930.0,1.8452982533103124
463,7950.0,1.8341424485267108
464,7970.0,1.8602796437431095
465,7990.0,1.8574888389595081
466,8010.0,1.8620160341759067
467,8030.0,1.861318229392305
468,8050.0,1.8581784246087034
469,8070.0,1.865496619825102
470,8090.0,1.8525998150415006
471,8110.0,1.8588710102578991
472,8130.0,1.8825672054742975
473,8150.0,1.889883400690696
474,8170.0,1.8968515959070946
475,8190.0,1.8637417911234933
476,8210.0,1.8484079863398917
477,8230.0,1.85119318155629
478,8250.0,1.8470103767726886
479,8270.0,1.8539765719890873
480,8290.0,1.8400367672054858
481,8310.0,1.8023969624218843
482,8330.0,1.7940301576382827
483,8350.0,1.790543352854681
484,8370.0,1.7936775480710798
485,8390.0,1.7602217432874783
486,8410.0,1.7849629385038768
487,8430.0,1.7389601337202754
488,8450.0,1.7159583289366735
489,8470.0,1.7131675241530724
490,8490.0,1.7145597193694706
491,8510.0,1.6730869145858693
492,8530.0,1.7044501098022677
493,8550.0,1.6246433050186662
494,8570.0,1.728491500235065
495,8590.0,1.7100196954514635
496,8610.0,1.716639890667862
497,8630.0,1.7361530858842604
498,8650.0,1.7295302811006588
499,8670.0,1.6277684763170575
500,8690.0,1.704783671533456
501,8709.6359,1.7355739361909386
502,8710.0,1.7361665853271608
503,8730.0,1.7394487812195458
504,8750.0,1.7186859771119312
505,8770.0,1.7432251730043165
506,8790.0,1.7548723688967014
507,8810.0,1.7351525647890869
508,8830.0,1.742268760681472
509,8850.0,1.7343989565738571
510,8870.0,1.6895891524662425
511,8890.0,1.7113413483586277
512,8910.0,1.722987544251013
513,8930.0,1.702570740143398
514,8950.0,1.7044599360357833
515,8970.0,1.7049521319281684
516,8990.0,1.7026583278205538
517,9010.0,1.6641235237129388
518,9030.0,1.6994657196053242
519,9050.0,1.7334159154977093
520,9070.0,1.7314701113900945
521,9090.0,1.71105530728248
522,9110.0,1.721655503174865
523,9130.0,1.7388776990672503
524,9150.0,1.7292648949596354
525,9170.0,1.7262760908520207
526,9190.0,1.7351332867444058
527,9210.0,1.690323482636791
528,9230.0,1.6528306785291762
529,9250.0,1.6568098744215614
530,9270.0,1.6642750703139466
531,9290.0,1.651525266206332
532,9310.0,1.655853462098717
533,9330.0,1.6553026579911023
534,9350.0,1.6498718538834876
535,9370.0,1.6329420497758727
536,9390.0,1.646329245668258
537,9410.0,1.6241714415606432
538,9430.0,1.6473166374530284
539,9450.0,1.6314328333454138
540,9470.0,1.6517910292377986
541,9490.0,1.651588225130184
542,9510.0,1.6304754210225694
543,9530.0,1.6309696169149546
544,9550.0,1.6035848128073398
545,9570.0,1.620458008699725
546,9590.0,1.6390722045921102
547,9610.0,1.6245814004844954
548,9630.0,1.6271675963768804
549,9650.0,1.6098887922692657
550,9670.0,1.607594988161651
551,9690.0,1.620635184054036
552,9710.0,1.6040523799464212
553,9730.0,1.5933955758388065
554,9750.0,1.5876157717311918
555,9770.0,1.590200967623577
556,9790.0,1.5760591635159622
557,9810.0,1.5960683594083473
558,9830.0,1.5836695553007327
559,9850.0,1.5890417511931179
560,9870.0,1.580822947085503
561,9890.0,1.5778321429778883
562,9910.0,1.5678723388702736
563,9930.0,1.5718505347626586
564,9950.0,1.571996730655044
565,9970.0,1.5704009265474292
566,9990.0,1.5649691224398143
567,10000.0,1.563125470386007
568,10030.0,1.5589288932572098
569,10070.0,1.5439214570854807
570,10130.0,1.5553918028278866
571,10170.0,1.5431743666561575
572,10220.0,1.5438448214414957
573,10280.0,1.5431191671839015
574,10320.0,1.5305517310121723
575,10380.0,1.5207630767545783
576,10430.0,1.5214335315399166
577,10480.0,1.504681986325255
578,10520.0,1.4931605501535254
579,10580.0,1.4718708958959317
580,10630.0,1.46069435068127
581,10680.0,1.4495168054666083
582,10720.0,1.4529823692948791
583,10780.0,1.444586715037285
584,10820.0,1.4299292788655555
585,10870.0,1.424326733650894
586,10920.0,1.4152421884362325
587,10980.0,1.4040595341786384
588,11020.0,1.3981140980069091
589,11080.0,1.381008443749315
590,11130.0,1.3761028985346533
591,11170.0,1.368415462362924
592,11220.0,1.3652539171482623
593,11280.0,1.3516302628906685
594,11330.0,1.3477737176760067
595,11380.0,1.3397311724613452
596,11430.0,1.3289036272466834
597,11470.0,1.336200191074954
598,11481.5362,1.3349210852408464
599,11530.0,1.331176475647125
600,11570.0,1.321350497672867
601,11620.0,1.3090655252050443
602,11670.0,1.3065375527372216
603,11730.0,1.3074775857758345
604,11770.0,1.2892866078015763
605,11830.0,1.2797726408401893
606,11870.0,1.2661106628659309
607,11920.0,1.2750836903981084
608,11980.0,1.2505847234367211
609,12030.0,1.2623457509688985
610,12070.0,1.2553057729946402
611,12120.0,1.2548688005268178
612,12180.0,1.2544168335654304
613,12230.0,1.2484038610976076
614,12270.0,1.2424098831233497
615,12320.0,1.2353529106555272
616,12370.0,1.2324779381877042
617,12430.0,1.220176971226317
618,12480.0,1.2162549987584943
619,12530.0,1.208501026290672
620,12580.0,1.2042310538228491
621,12620.0,1.199630075848591
622,12670.0,1.1918751033807684
623,12720.0,1.1903931309129456
624,12780.0,1.1878491639515585
625,12830.0,1.1623221914837358
626,12880.0,1.1733872190159131
627,12920.0,1.1653002410416549
628,12980.0,1.1697272740802678
629,13020.0,1.1598982961060096
630,13080.0,1.1601433291446224
631,13130.0,1.1447213566767998
632,13180.0,1.1414973842089773
633,13182.5674,1.1414034187826996
634,13230.0,1.1408078713043857
635,13280.0,1.1297250884310936
636,13320.0,1.1299198621324607
637,13380.0,1.1225445226845108
638,13430.0,1.123659739811219
639,13470.0,1.1179305135125857
640,13520.0,1.113468730639294
641,13570.0,1.1041299477660025
642,13630.0,1.1012846083180525
643,13670.0,1.1032223820194194
644,13730.0,1.1035150425714693
645,13770.0,1.101618816272836
646,13820.0,1.1013390333995443
647,13880.0,1.0953586939515945
648,13930.0,1.0703359110783026
649,13970.0,1.0666976847796694
650,14020.0,1.060145901906378
651,14080.0,1.063573562458428
652,14120.0,1.0561013361597946
653,14180.0,1.0609239967118445
654,14230.0,1.054373213838553
655,14280.0,1.0457284309652612
656,14330.0,1.0541626480919697
657,14380.0,1.057019865218678
658,14420.0,1.0436226389200447
659,14480.0,1.0522792994720946
660,14520.0,1.0472460731734614
661,14570.0,1.04975429030017
662,14620.0,1.0376285074268783
663,14670.0,1.0345617245535865
664,14720.0,1.0290539416802948
665,14770.0,1.0315631588070033
666,14830.0,1.0332498193590534
667,14880.0,1.0273930364857617
668,14920.0,1.0401348101871286
669,14980.0,1.0345024707391786
670,15030.0,1.0265566878658867
671,15070.0,1.0274484615672537
672,15120.0,1.035880678693962
673,15135.6125,1.0362289052417766
674,15170.0,1.037394506505953
675,15220.0,1.0369973102343082
676,15280.0,1.0407734747083344
677,15330.0,1.0389812784366896
678,15370.0,1.0382467214193738
679,15430.0,1.0343558858934
680,15480.0,1.0353526896217553
681,15520.0,1.0307861326044394
682,15570.0,1.0164489363327947
683,15620.0,1.0216297400611498
684,15670.0,1.018444543789505
685,15720.0,1.0298963475178604
686,15780.0,0.9995195119918867
687,15830.0,1.0008663157202418
688,15870.0,0.9987367587029259
689,15930.0,1.0136649231769523
690,15980.0,1.0052527269053075
691,16050.0,1.006232252125005
692,16150.0,1.0134548595817152
693,16250.0,1.0008124670384255
694,16350.0,1.0146570744951362
695,16450.0,0.9946966819518466
696,16550.0,1.007147289408557
697,16650.0,0.9962488968652674
698,16750.0,0.9951065043219779
699,16850.0,0.9873451117786884
700,16950.0,0.9903857192353988
701,17050.0,0.9819263266921092
702,17150.0,0.9759069341488197
703,17250.0,0.9670975416055301
704,17350.0,0.9541081490622405
705,17378.0083,0.9531050618945383
706,17450.0,0.9507896941773358
707,17550.0,0.94339253492953
708,17650.0,0.9363453756817246
709,17750.0,0.9258132164339188
710,17850.0,0.9205100571861131
711,17950.0,0.9110228979383074
712,18050.0,0.9015367386905018
713,18150.0,0.8953265794426961
714,18250.0,0.8911724201948905
715,18350.0,0.8867732609470846
716,18450.0,0.8790311016992791
717,18550.0,0.8759569424514734
718,18650.0,0.8671677832036677
719,18750.0,0.859877623955862
720,18850.0,0.8603224647080563
721,18950.0,0.8496863054602507
722,19050.0,0.8545581462124451
723,19150.0,0.8494969869646394
724,19250.0,0.8466668277168337
725,19350.0,0.839236668469028
726,19450.0,0.8325045092212224
727,19550.0,0.8325313499734167
728,19650.0,0.827925190725611
729,19750.0,0.8209470314778053
730,19850.0,0.8187448722299996
731,19950.0,0.816227712982194
732,19952.6231,0.8162093208739648
733,20050.0,0.8151665020121222
734,20150.0,0.8118335921127078
735,20250.0,0.8057816822132936
736,20350.0,0.8034587723138793
737,20450.0,0.8033668624144652
738,20550.0,0.799510952515051
739,20650.0,0.7965270426156368
740,20750.0,0.7946911327162225
741,20850.0,0.7915682228168083
742,20950.0,0.787747312917394
743,21050.0,0.7878644030179798
744,21150.0,0.7839384931185656
745,21250.0,0.7813385832191513
746,21350.0,0.7807926733197371
747,21450.0,0.7779127634203229
748,21550.0,0.7747898535209086
749,21650.0,0.7706549436214943
750,21750.0,0.7681920337220801
751,21850.0,0.7663581238226659
752,21950.0,0.7641752139232516
753,22050.0,0.7589943040238374
754,22150.0,0.7593903941244231
755,22250.0,0.754593484225009
756,22350.0,0.7523765743255948
757,22450.0,0.7499836644261805
758,22550.0,0.7479057545267662
759,22650.0,0.743700844627352
760,22750.0,0.7434349347279378
761,22850.0,0.7390260248285235
762,22908.6765,0.7226166077063934
763,22950.0,0.7109400356265139
764,23050.0,0.720391542154567
765,23150.0,0.7191080486826202
766,23250.0,0.6957305552106733
767,23350.0,0.7054250617387265
768,23450.0,0.6992635682667796
769,23550.0,0.6833430747948328
770,23650.0,0.693246581322886
771,23750.0,0.6871890878509392
772,23850.0,0.6746155943789923
773,23950.0,0.6817651009070456
774,24050.0,0.6786006074350986
775,24150.0,0.6674911139631517
776,24250.0,0.671782620491205
777,24350.0,0.668340127019258
778,24450.0,0.6614816335473113
779,24550.0,0.6590831400753644
780,24650.0,0.6598206466034177
781,24750.0,0.6546691531314708
782,24850.0,0.6441506596595239
783,24950.0,0.642798166187577
784,25050.0,0.6441996727156303
785,25150.0,0.6372352792436834
786,25250.0,0.6395766857717367
787,25350.0,0.6390253922997897
788,25450.0,0.6365925988278429
789,25550.0,0.6359017053558961
790,25650.0,0.6358734118839493
791,25750.0,0.6366467184120024
792,25850.0,0.6325758249400556
793,25950.0,0.6330755314681088
794,26050.0,0.6335861379961619
795,26150.0,0.631308144524215
796,26250.0,0.6294833510522682
797,26302.679900000003,0.6295684852096401
798,26350.0,0.6294410087001536
799,26450.0,0.6277430168149156
800,26550.0,0.6260447249296776
801,26650.0,0.6232669330444396
802,26750.0,0.6242167411592017
803,26850.0,0.6225531492739637
804,26950.0,0.6192176573887257
805,27050.0,0.6190181655034875
806,27150.0,0.6173888736182497
807,27250.0,0.6165275817330116
808,27350.0,0.6137491898477736
809,27450.0,0.6130612979625356
810,27550.0,0.6118864060772977
811,27650.0,0.6099439141920597
812,27750.0,0.6075834223068216
813,27850.0,0.6071401304215837
814,27950.0,0.6061737385363457
815,28050.0,0.6042318466511077
816,28150.0,0.6022195547658697
817,28250.0,0.6012883628806317
818,28350.0,0.5999735709953938
819,28450.0,0.5983100791101557
820,28550.0,0.5967859872249177
821,28650.0,0.5955408953396797
822,28750.0,0.5939126034544417
823,28850.0,0.5922844115692039
824,28950.0,0.5909339196839657
825,29050.0,0.5896546277987278
826,29150.0,0.5883044359134898
827,29250.0,0.5859790440282518
828,29350.0,0.5853965521430138
829,29450.0,0.5835589602577758
830,29550.0,0.5823339683725379
831,29650.0,0.5812203764872999
832,29750.0,0.5796555846020618
833,29850.0,0.5781608927168237
834,29950.0,0.5768038008315859
835,30050.0,0.5753425089463479
836,30150.0,0.5745106170611098
837,30199.5172,0.5736664518537128
838,30250.0,0.5727190331442108
839,30350.0,0.5710865172934616
840,30450.0,0.5702904014427125
841,30550.0,0.5685167855919633
842,30650.0,0.567233469741214
843,30750.0,0.5659496538904648
844,30850.0,0.5642120380397156
845,30950.0,0.5632404221889664
846,31050.0,0.5620973063382172
847,31150.0,0.560115890487468
848,31250.0,0.5591800746367188
849,31350.0,0.5577218587859697
850,31450.0,0.5564029429352204
851,31550.0,0.5550478270844712
852,31650.0,0.5534160112337221
853,31750.0,0.5522721953829729
854,31850.0,0.5509522795322237
855,31950.0,0.5497372636814746
856,32100.0,0.5471629399053507
857,32300.0,0.5479678082038524
858,32500.0,0.5506858765023539
859,32700.0,0.5537643448008556
860,32900.0,0.5548865130993572
861,33100.0,0.5521310813978588
862,33300.0,0.5453235496963604
863,33500.0,0.536629317994862
864,33700.0,0.5282262862933637
865,33900.0,0.5218056545918652
866,34100.0,0.5210667228903669
867,34300.0,0.5186457911888686
868,34500.0,0.5161551594873701
869,34673.685,0.5138741268519964
870,34700.0,0.513517008094671
871,34900.0,0.5109075241134792
872,35100.0,0.5083327401322872
873,35300.0,0.5056187561510953
874,35500.0,0.5030752721699034
875,35700.0,0.5004273881887115
876,35900.0,0.4978179042075196
877,36100.0,0.49548702022632773
878,36300.0,0.4928774362451358
879,36500.0,0.4902643522639439
880,36700.0,0.487721068282752
881,36900.0,0.4850452843015601
882,37100.0,0.48250190032036816
883,37300.0,0.48013631633917625
884,37500.0,0.47742213235798436
885,37700.0,0.47512274837679247
886,37900.0,0.47261766439560055
887,38100.0,0.47032178041440864
888,38300.0,0.46811289643321674
889,38500.0,0.4659005124520248
890,38700.0,0.4634827284708329
891,38900.0,0.461333144489641
892,39100.0,0.4591347605084491
893,39300.0,0.4569956765272572
894,39500.0,0.4545915925460653
895,39700.0,0.45248390856487336
896,39810.7171,0.4511781753138032
897,39900.0,0.4501933527930776
898,40100.0,0.4483810808112632
899,40300.0,0.44646780882944875
900,40500.0,0.44435583684763436
901,40700.0,0.44245656486581997
902,40900.0,0.4405012928840055
903,41100.0,0.4386194209021912
904,41300.0,0.4366886489203768
905,41500.0,0.4347195769385624
906,41700.0,0.432750504956748
907,41900.0,0.4309104329749336
908,42100.0,0.42891346099311917
909,42300.0,0.4271673890113048
910,42500.0,0.42520521702949043
911,42700.0,0.423389445047676
912,42900.0,0.4206362730658616
913,43100.0,0.41788320108404725
914,43300.0,0.41643332910223274
915,43500.0,0.4139520571204184
916,43700.0,0.412122385138604
917,43900.0,0.41044951315678957
918,44100.0,0.40831314117497525
919,44300.0,0.40676226919316083
920,44500.0,0.40515559721134636
921,44700.0,0.403277125229532
922,44900.0,0.40194575324771764
923,45100.0,0.4002519812659032
924,45300.0,0.3985512092840888
925,45500.0,0.3972234373022745
926,45700.0,0.39575616532046004
927,45708.818999999996,0.39567426009342194
928,45900.0,0.3940179749934373
929,46100.0,0.3929227870171378
930,46300.0,0.3914793990408382
931,46500.0,0.39007421106453866
932,46700.0,0.38890602308823913
933,46900.0,0.3874729351119396
934,47100.0,0.38602244713564005
935,47300.0,0.3848959591593405
936,47500.0,0.383382671183041
937,47700.0,0.38208558320674146
938,47900.0,0.3808058952304419
939,48100.0,0.3793240072541424
940,48300.0,0.3781942192778428
941,48500.0,0.3767540313015432
942,48700.0,0.3753489433252437
943,48900.0,0.37401345534894415
944,49100.0,0.3726918673726447
945,49300.0,0.3713773793963451
946,49500.0,0.3698429914200455
947,49700.0,0.368333403443746
948,49900.0,0.36661101546744645
949,50100.0,0.3650594274911469
950,50300.0,0.36343133951484735
951,50500.0,0.3617298515385478
952,50700.0,0.3602061635622483
953,50900.0,0.3585779755859488
954,51100.0,0.35691488760964923
955,51300.0,0.3553562996333497
956,51500.0,0.3537386116570501
957,51700.0,0.3522254236807506
958,51900.0,0.350572735704451
959,52100.0,0.34898634772815146
960,52300.0,0.3473615597518519
961,52480.746,0.3459499443580307
962,52500.0,0.3458271018533421
963,52700.0,0.3445963812374838
964,52900.0,0.3431948606216257
965,53100.0,0.3418562400057674
966,53300.0,0.34059051938990925
967,53500.0,0.33930049877405105
968,53700.0,0.33800017815819283
969,53900.0,0.3366961575423346
970,54100.0,0.3353923369264764
971,54300.0,0.3340604163106182
972,54500.0,0.33283309569476
973,54700.0,0.3314769750789018
974,54900.0,0.3302426544630436
975,55100.0,0.3289143338471854
976,55300.0,0.3277603132313272
977,55500.0,0.326355392615469
978,55700.0,0.32514897199961074
979,55900.0,0.3238102513837526
980,56100.0,0.32256903076789434
981,56300.0,0.32124071015203615
982,56500.0,0.3200482895361779
983,56700.0,0.3187932689203197
984,56900.0,0.31747884830446155
985,57100.0,0.3162968276886033
986,57300.0,0.31507650707274515
987,57500.0,0.3138213864568869
988,57700.0,0.3125628658410287
989,57900.0,0.3113530452251705
990,58100.0,0.31007352460931226
991,58300.0,0.3088358039934541
992,58500.0,0.3075946833775959
993,58700.0,0.3063184627617377
994,58900.0,0.3050842421458795
995,59100.0,0.3038780215300213
996,59300.0,0.30265770091416305
997,59500.0,0.3013955802983048
998,59700.0,0.30018575968244665
999,59900.0,0.29894793906658845
1000,60100.0,0.2977103184507302
1001,60255.9586,0.2967451525785283
1002,60300.0,0.2965661771100261
1003,60500.0,0.3009231169865867
1004,60700.0,0.3048562568631473
1005,60900.0,0.30916819673970797
1006,61100.0,0.3138940366162686
1007,61300.0,0.32938297649282916
1008,61500.0,0.36018891636938977
1009,61700.0,0.40143085624595043
1010,61900.0,0.45645079612251105
1011,62100.0,0.4450157359990716
1012,62300.0,0.4336106758756323
1013,62500.0,0.4227246157521929
1014,62700.0,0.4059275556287535
1015,62900.0,0.3822764955053141
1016,63100.0,0.3614734353818747
1017,63300.0,0.34318737525843535
1018,63500.0,0.330999315134996
1019,63700.0,0.32089125501155663
1020,63900.0,0.3114991948881172
1021,64200.0,0.30024990470295815
1022,64600.0,0.2893733844560794
1023,65000.0,0.2810029642092006
1024,65400.0,0.2749353439623219
1025,65800.0,0.27242762371544316
1026,66200.0,0.27244490346856437
1027,66600.0,0.2706782832216856
1028,67000.0,0.26804846297480683
1029,67400.0,0.265375684949664
1030,67800.0,0.26258250692452123
1031,68200.0,0.2599792288993784
1032,68600.0,0.25742965087423564
1033,69000.0,0.2578069728490928
1034,69242.2916,0.25840526469320113
1035,69400.0,0.2588780293769614
1036,69800.0,0.26138831499005577
1037,70200.0,0.2643198006031501
1038,70600.0,0.2655863862162444
1039,71000.0,0.2666029718293388
1040,71400.0,0.26556915744243315
1041,71559.6261,0.264970713452219
1042,71800.0,0.2644546741856562
1043,72200.0,0.26848064656745335
1044,72600.0,0.2744447189492505
1045,73000.0,0.28411049133104765
1046,73400.0,0.2965792637128448
1047,73800.0,0.30996703609464193
1048,73954.515,0.3155453259560754
1049,74200.0,0.3249287184021508
1050,74600.0,0.34490427572105076
1051,75000.0,0.3717508330399508
1052,75400.0,0.39833939035885074
1053,75800.0,0.4167509476777508
1054,76200.0,0.43223150499665075
1055,76429.5536,0.42203562780505033
1056,76600.0,0.41495247289631687
1057,77000.0,0.3996078750386126
1058,77400.0,0.4015142771809085
1059,77800.0,0.4051406793232043
1060,78200.0,0.39920208146550007
1061,78600.0,0.3892114836077959
1062,78987.42450000001,0.37457206981349034
1063,79000.0,0.374114212416449
1064,79400.0,0.3538387390900086
1065,79800.0,0.3364352657635683
1066,80200.0,0.3230197924371279
1067,80600.0,0.3111253191106875
1068,81000.0,0.3040398457842472
1069,81400.0,0.29825137245780686
1070,81630.8998,0.2965609126943558
1071,81800.0,0.2954221227841578
1072,82200.0,0.29528635918080787
1073,82600.0,0.29542659557745793
1074,83000.0,0.29708683197410796
1075,83400.0,0.298750068370758
1076,83800.0,0.301000304767408
1077,84200.0,0.3034585411640581
1078,84362.84430000001,0.3051424474656757
1079,84600.0,0.3069079682614282
1080,85000.0,0.31353279387684035
1081,85400.0,0.3204706194922526
1082,85800.0,0.3213524451076648
1083,86200.0,0.32140127072307706
1084,86600.0,0.3148730963384893
1085,87000.0,0.30046592195390154
1086,87186.21900000001,0.2947517107545923
1087,87400.0,0.28802464080359813
1088,87800.0,0.2760746973497935
1089,88200.0,0.26592345389598887
1090,88600.0,0.2590397104421842
1091,89000.0,0.2555715669883796
1092,89400.0,0.25240652353457493
1093,89800.0,0.2496917800807703
1094,90104.0836,0.24783174368649694
1095,90200.0,0.24716270002671423
1096,90600.0,0.24454408838873484
1097,91000.0,0.2420100767507555
1098,91400.0,0.23967436511277615
1099,91800.0,0.23890695347479676
1100,92200.0,0.23909084183681742
1101,92600.0,0.23927553019883802
1102,93000.0,0.23876181856085868
1103,93119.6005,0.23860196901283828
1104,93400.0,0.2372891065500286
1105,93800.0,0.23536976089543982
1106,94200.0,0.23330531524085102
1107,94600.0,0.23126836958626223
1108,95000.0,0.22935242393167343
1109,95400.0,0.22752637827708466
1110,95800.0,0.22571383262249584
1111,96200.0,0.22386948696790704
1112,96236.03790000001,0.22370378959994325
1113,96600.0,0.2216110280223225
1114,97000.0,0.2193049505492605
1115,97400.0,0.21650907307619857
1116,97800.0,0.21376309560313658
1117,98200.0,0.21135201813007462
1118,98281.9,0.21105715831746524
1119,98600.0,0.20991344065701267
1120,99000.0,0.20847816318395068
1121,99400.0,0.20712798571088872
1122,99456.7731,0.206954896392989
1123,99580.8,0.2066461924743019
1124,99800.0,0.20610384090758374
1125,100000.0,0.20561205882116204
1126,100897.0,0.20283837216356074
1127,102230.0,0.19820272855756016
1128,102785.297,0.19687073916701592
1129,103581.0,0.19464625259908158
1130,104950.0,0.19661852322331205
1131,106225.216,0.19123974998579446
1132,106337.0,0.1908710263188141
1133,107743.0,0.18608127498993904
1134,109167.0,0.1844393316810356
1135,109780.26,0.19062216062135223
1136,110000.0,0.1928798405596541
1137,110609.0,0.19632026181046275
1138,112071.0,0.226250574402716
1139,113454.28,0.23534864152450422
1140,113552.0,0.23602572506460764
1141,115053.0,0.20202060848413295
1142,116574.0,0.1886264042743382
1143,117251.259,0.18864577763848117
1144,118114.0,0.18905090320887935
1145,119675.0,0.1906689842312621
1146,120000.0,0.19134327682080368
1147,121175.312,0.19135423225934356
1148,121257.0,0.19138579066388786
1149,122859.0,0.1844920975527077
1150,124483.0,0.18403492363725416
1151,125230.691,0.18638743300110844
1152,126128.0,0.1892927142276122
1153,127795.0,0.20582707794614688
1154,129421.79100000001,0.16162776733279546
1155,129484.0,0.15996091887801295
1156,130000.0,0.15781471687913462
1157,131195.0,0.15380158279258505
1158,132929.0,0.1517055737498428
1159,133753.155,0.15078705042243437
1160,134686.0,0.15015038952620596
1161,136466.0,0.14666521123915768
1162,138229.477,0.14197129611218895
1163,138269.0,0.1418737487849451
1164,140000.0,0.14224848901378567
1165,140097.0,0.14233528508669008
1166,141948.0,0.14365453798304123
1167,142855.609,0.14150225711096723
1168,143824.0,0.13981390128976623
1169,145725.0,0.13844780714805122
1170,147636.563,0.1369006441015097
1171,147651.0,0.13688960673541578
1172,149602.0,0.1369526099290821
1173,150000.0,0.13679851242579105
1174,151579.0,0.1363697193160007
1175,152577.522,0.13823813847532493
1176,153583.0,0.1401833271557374
1177,155613.0,0.21340000225661582
1178,157669.0,0.14254983211248085
1179,157683.84,0.1425442713054415
1180,159753.0,0.14168391103013472
1181,160000.0,0.14149898339056238
1182,161864.0,0.14082742784334434
1183,162961.05099999998,0.14094827548410652
1184,164003.0,0.14098674252958293
1185,166171.0,0.13941955661003586
1186,168367.0,0.13993912862141714
1187,168414.875,0.13997342828970377
1188,170000.0,0.14112457201470757
1189,170592.0,0.1415611260316015
1190,172847.0,0.1380269181060876
1191,174051.222,0.13817471539387394
1192,175131.0,0.13813969861981895
1193,177445.0,0.13675960125984996
1194,179791.0,0.13580426054831704
1195,179876.201,0.13580143163463737
1196,180000.0,0.1357971286766005
1197,182167.0,0.1342094299765207
1198,184574.0,0.13389403298939934
1199,185896.125,0.18773039444769526
1200,187014.0,0.2331573858013809
1201,189485.0,0.13784126214734002
1202,190000.0,0.13754102767472526
1203,191989.0,0.1366523586144714
1204,192117.51799999998,0.13662951982013663
1205,194527.0,0.13608178171154212
1206,197097.0,0.13647180229548644
1207,198547.123,0.13695850948566238
1208,199702.0,0.1373204501270342
1209,200000.0,0.1373316790167829
1210,202342.0,0.1382346839154122
1211,205016.0,0.14086355321470112
1212,205191.907,0.14070343116660372
1213,207725.0,0.13858312951062535
1214,210000.0,0.13742073607311772
1215,210470.0,0.1372124308354788
1216,212059.073,0.13665694367501421
1217,213252.0,0.1362145684455266
1218,216070.0,0.135425193205381
1219,218926.0,0.13638857330266418
1220,219156.062,0.13655416491091865
1221,220000.0,0.137206431988334
1222,221819.0,0.13736961392837424
1223,224751.0,0.13521373957334287
1224,226490.56699999998,0.1363763791041906
1225,227721.0,0.1372154861099892
1226,230000.0,0.13581793744328313
1227,230731.0,0.13566211051245286
1228,233780.0,0.13558403087893514
1229,234070.535,0.13560596922191093
1230,236870.0,0.13585475607346958
1231,240000.0,0.13513429796373608
1232,241904.18300000002,0.13448098037507925
1233,250000.0,0.13192019857638232
1234,260000.0,0.13196635950091185
1235,270000.0,0.1293684204254414
1236,275422.87,0.12975461603672175
1237,280000.0,0.13038806783624313
1238,300000.0,0.1279931673694501
1239,316227.766,0.12759688494497967
1240,320000.0,0.12776007667161013
1241,340000.0,0.12134890256496897
1242,360000.0,0.11625412845832783
1243,363078.055,0.11530724577401195
1244,380000.0,0.11108017857465642
1245,400000.0,0.10173631954115815
1246,416869.38300000003,0.09405800138194353
1247,420000.0,0.09278670760024905
1248,440000.0,0.0859060256334388
1249,460000.0,0.07941314366662854
1250,478630.092,0.07422998941884773
1251,480000.0,0.07389721321465954
1252,500000.0,0.06966224018248249
1253,520000.0,0.06573776715030544
1254,540000.0,0.061997694118128374
1255,549540.874,0.06040266366763841
1256,560000.0,0.05887867060624268
1257,580000.0,0.056541382439094276
1258,600000.0,0.054010994271945854
1259,620000.0,0.051008706104797435
1260,630957.3439999999,0.04921702248346871
1261,640000.0,0.04784672141780672
1262,660000.0,0.04530407234217678
1263,680000.0,0.04315562326654684
1264,700000.0,0.0411858741909169
1265,724435.96,0.039253369641690385
1266,800000.0,0.03373417494883713
1267,831763.771,0.031060555988490585
1268,900000.0,0.02551265353309486
1269,954992.586,0.022098584392315403
1270,1000000.0,0.019362939432301364
1271,1096478.2,0.014955613034662363
1272,1100000.0,0.014796731119627685
1273,1200000.0,0.011374447309227478
1274,1258925.41,0.009949923277183536
1275,1300000.0,0.008966665050561496
1276,1400000.0,0.006882819283431411
1277,1445439.77,0.006225507669925765
1278,1500000.0,0.005441544473718873
1279,1599000.0,0.004254451206276188
1280,1659586.91,0.004079231430462494
1281,1905460.7200000002,0.003379078774197521
1282,2187761.62,0.0025801330347724454
1283,2511886.43,0.001665062501630561
1284,2884031.5,0.000615441067568329
1285,3000000.0,0.0002884821757418705
1286,3311311.21,0.00027066174436965636
1287,3801893.96,0.00024278877154217655
1288,4365158.32,0.00021088095422193922
1289,5011872.34,0.00017428838300775538
1290,5754399.37,0.00013229356903238476
1291,6606934.4799999995,8.40856126807943e-05
1292,7585775.75,2.873929317374463e-05
1293,8000000.0,5.318568536756185e-06
1294,8709635.9,4.555700951885599e-06
1295,10000000.0,3.1692684091360474e-06
