,lambda (Angstroms),Total Flux (erg/s/cm^2/Angstrom)
0,102.00000000000001,22.887668134913785
1,103.89,22.822788382536846
2,104.712855,22.79454206376311
3,106.07000000000001,22.549805566697348
4,108.03999999999999,22.19455496936983
5,110.05,21.832106436446423
6,113.91999999999999,21.134235289054192
7,117.92,20.41292083506532
8,120.22644299999999,19.997228595015955
9,120.95,19.887908005634777
10,124.91,19.289276787336277
11,126.94,18.982392973166093
12,128.10999999999999,18.805527034096084
13,131.1,18.353516640383834
14,132.01,18.216031538362717
15,134.15,17.892519933806458
16,136.96,17.467845421989598
17,138.038426,17.30482200696748
18,140.15,17.076676264297
19,143.07999999999998,16.761358189491716
20,147.09,16.330462344952736
21,150.87,15.922305037384824
22,155.09,15.466674724480963
23,158.489319,15.099726762667741
24,159.07000000000002,15.052354568014483
25,162.02999999999997,14.810846328084855
26,166.18,14.472321980889596
27,170.06,14.155779644914267
28,172.82,13.930668101777181
29,176.83999999999997,13.602707153947076
30,180.13000000000002,13.334277716859747
31,181.8,13.198098055092016
32,181.970086,13.18422119400106
33,186.03,12.931629805294936
34,190.81,12.634336464817613
35,193.91,12.441562436872069
36,197.97,12.188994434336935
37,202.10999999999999,11.931516893919339
38,204.92,11.756774973297732
39,208.929613,11.506976906075709
40,210.17999999999998,11.448421262522777
41,216.07000000000002,11.173708299111
42,220.09,10.98592774530534
43,223.15,10.84282751867715
44,226.76999999999998,10.673833972862104
45,229.93,10.533379916736259
46,234.2,10.348075189186465
47,239.88329199999998,10.091960484598234
48,240.21,10.080749551848763
49,245.80999999999997,9.875926078300756
50,252.11,9.651352179309244
51,256.8,9.473067148837789
52,259.77,9.37341120088465
53,263.99,9.223704707496687
54,268.90000000000003,9.0463943390287
55,273.90000000000003,8.865488937289408
56,275.42287,8.810359435147484
57,278.99,8.711181103996363
58,284.18,8.56745412609769
59,290.13,8.400226471493237
60,296.2,8.232220151619453
61,301.02,8.096822293301225
62,308.03000000000003,7.903177488817658
63,316.227766,7.676588997103609
64,318.12,7.637560121254013
65,327.79,7.436748305946359
66,337.75,7.229425032971775
67,348.01,7.015817243100368
68,356.93999999999994,6.830467070804883
69,363.078055,6.703545090415584
70,366.09000000000003,6.656920158789964
71,374.62,6.523696648651129
72,385.12,6.3582753737909
73,394.99,6.206104719222284
74,405.13,6.04872516167155
75,413.61,5.916257273936812
76,416.86938299999997,5.8652594332792525
77,422.27,5.800545183475755
78,430.12,5.706574534272602
79,441.15000000000003,5.575573670245751
80,451.43,5.452792192639583
81,459.82,5.3521002560135384
82,470.53,5.224455497126179
83,478.630092,5.128185904026087
84,480.39,5.112080223860252
85,490.45,5.018931032059157
86,499.56,4.935987583787986
87,506.51,4.87164438059538
88,512.38,4.819847749942057
89,519.51,4.754058419659571
90,530.38,4.653827900954013
91,540.25,4.562036223858904
92,549.5408739999999,4.476511159291326
93,550.29,4.471232762035624
94,560.52,4.400805722521365
95,569.63,4.3375314391904825
96,580.22,4.262982678402993
97,589.65,4.197060846162575
98,600.61,4.1193636785109335
99,610.37,4.048409521770056
100,620.28,3.982520851165333
101,630.3599999999999,3.911468075514919
102,630.957344,3.9073223420235794
103,640.61,3.854225495309232
104,649.52,3.80437484003437
105,658.55,3.7536907210521018
106,664.65,3.72045455259232
107,675.4499999999999,3.660688368925821
108,684.84,3.6075902988213353
109,694.37,3.555494124391545
110,705.65,3.491790955895423
111,715.47,3.438525642506069
112,724.43596,3.388793131761576
113,725.42,3.3847311440731622
114,735.5100000000001,3.343137920827147
115,745.75,3.3006817047479413
116,754.38,3.264949776411658
117,764.88,3.220190948088253
118,775.52,3.1778185177872036
119,784.5000000000001,3.1402262395068052
120,795.41,3.095711426106012
121,804.62,3.0579189581480537
122,815.8100000000001,3.0118871507919684
123,825.26,2.973044892300904
124,831.763771,2.94536285104158
125,834.82,2.935508917156464
126,844.4799999999999,2.9069061897121395
127,854.26,2.876617523169127
128,864.1500000000001,2.846302827452318
129,874.16,2.815556282636822
130,884.2800000000001,2.7843766886475283
131,894.52,2.7528675755595486
132,904.88,2.7208710133728813
133,915.36,2.6896236620875262
134,925.9599999999999,2.672221951703485
135,934.53,2.6640399460722355
136,945.3499999999999,2.6549456573406003
137,954.0899999999999,2.646490552986211
138,954.992586,2.6444940983445133
139,965.14,2.622718387201599
140,974.0699999999999,2.529929687939669
141,985.35,2.54916347360881
142,994.4699999999999,2.522297923937052
143,1005.98,2.5145077991100853
144,1015.29,2.482352989028499
145,1024.69,2.4008372787527827
146,1034.1699999999998,2.400331238304509
147,1046.14,2.4163267724853252
148,1055.82,2.384028931605653
149,1065.59,2.3315106805318506
150,1075.45,2.3171661192639186
151,1085.3999999999999,2.263718337801859
152,1095.45,2.259959176124098
153,1096.4782,2.2563402174527756
154,1105.58,2.229235503903252
155,1115.81,2.199853036231256
156,1126.14,2.162933443557578
157,1133.94,2.165494693426437
158,1144.43,2.1292805407500697
159,1155.02,2.1079678630720213
160,1165.71,2.083473960392291
161,1173.79,2.0295942102564433
162,1184.65,2.0313858450738542
163,1195.61,1.974401134889585
164,1203.8999999999999,1.9343342022502061
165,1215.04,1.88531909706291
166,1226.28,1.8952999568739326
167,1234.78,1.9060640017310229
168,1246.21,1.8867462340388512
169,1254.8500000000001,1.8606548938935874
170,1258.92541,1.8442781749356718
171,1263.55,1.8289440694168257
172,1275.24,1.8314548509991218
173,1284.08,1.8201608534103708
174,1295.9599999999998,1.775546560270737
175,1304.94,1.7581755181500367
176,1313.9899999999998,1.7632697537633633
177,1326.15,1.736402271559832
178,1335.3400000000001,1.707826162641209
179,1344.59,1.707874577494609
180,1353.91,1.6874210700820336
181,1366.4399999999998,1.654065084472639
182,1375.9099999999999,1.6408238864901192
183,1385.45,1.6246849662416247
184,1395.05,1.5924191397651533
185,1404.72,1.5777892310227069
186,1414.4599999999998,1.5649610100142868
187,1424.27,1.5490282467398917
188,1434.14,1.5311033072375189
189,1440.76,1.5236628300839519
190,1445.43977,1.5161964398291172
191,1447.41,1.5140910299972585
192,1454.0900000000001,1.5027621329386625
193,1464.1699999999998,1.4830428421077273
194,1474.3200000000002,1.4700058784932435
195,1484.54,1.4582369220952118
196,1494.8300000000002,1.4463742829136317
197,1505.1899999999998,1.4286999409485042
198,1512.1399999999999,1.4108833602962219
199,1515.6200000000001,1.4114029061998274
200,1526.1299999999999,1.3961916011270963
201,1536.71,1.3727223132708166
202,1543.8,1.3687449470514386
203,1554.5,1.3515823887090765
204,1565.28,1.3400452300426593
205,1576.13,1.331053488592694
206,1583.4,1.3250759466441917
207,1594.3799999999999,1.3128829271676374
208,1605.4299999999998,1.2970862149075346
209,1616.56,1.2831488323233764
210,1624.02,1.2699581271052436
211,1635.28,1.2603516764944962
212,1646.6100000000001,1.2469394831002008
213,1654.21,1.2319298523149715
214,1659.58691,1.228170164507474
215,1665.6799999999998,1.226132816602845
216,1673.3700000000001,1.210986196753079
217,1677.22,1.2164832273484498
218,1684.97,1.212224213741729
219,1696.65,1.1970625890544384
220,1704.4799999999998,1.1872723437717774
221,1716.29,1.173349172611084
222,1724.2099999999998,1.16591547669299
223,1736.1699999999998,1.1597071111399084
224,1744.1799999999998,1.1507665545863814
225,1756.27,1.1445498625598964
226,1764.38,1.131316456411444
227,1776.6100000000001,1.1222442189520636
228,1784.81,1.1161124421681785
229,1793.05,1.113179559546323
230,1805.47,1.1016790118565845
231,1813.81,1.0888216696398034
232,1826.3799999999999,1.079112707557677
233,1834.81,1.069092224705463
234,1843.28,1.0560751860152788
235,1856.06,1.0454754257838088
236,1864.62,1.040008496458192
237,1873.2299999999998,1.0369795723351123
238,1886.21,1.0205189329137914
239,1894.9199999999998,1.010695619195786
240,1903.67,1.006393409639811
241,1905.46072,1.004537361951673
242,1916.86,0.9953198831531151
243,1925.7099999999998,0.9880294566899915
244,1934.6,0.9830537695648875
245,1943.53,0.9812265417778036
246,1957.0000000000002,0.9687622688559642
247,1966.03,0.9684121594139297
248,1975.11,0.9636875191444197
249,1984.2299999999998,0.9550198782129298
250,1993.3899999999999,0.9474868966194592
251,2007.2,0.9400556580707883
252,2016.47,0.9323225046568722
253,2025.77,0.9279966807464709
254,2035.12,0.9200815160085946
255,2044.52,0.9165782604432428
256,2053.96,0.9072951142159108
257,2063.44,0.9015128073265988
258,2072.96,0.9000221197753062
259,2077.74,0.8995419606686702
260,2087.33,0.8981647119589123
261,2096.96,0.8876888825871743
262,2106.64,0.8814796823879611
263,2116.37,0.8775033013612726
264,2126.14,0.8700938696726038
265,2135.9500000000003,0.8597365073219546
266,2145.81,0.8582863341438306
267,2155.71,0.8532451603037261
268,2165.6600000000003,0.8430135756361463
269,2175.6600000000003,0.836295970141091
270,2185.7,0.8335173039840562
271,2187.7616199999998,0.8325655206425492
272,2195.79,0.8304821142532783
273,2205.9300000000003,0.8242196640422343
274,2216.11,0.8131287496686223
275,2226.34,0.8102860125917999
276,2236.61,0.8147379713524093
277,2246.94,0.8072116188691664
278,2257.31,0.7952845222233552
279,2262.51,0.7922236610894863
280,2272.96,0.7903046561185388
281,2283.45,0.793795796985023
282,2293.99,0.782183195148297
283,2304.58,0.7824110106083605
284,2315.21,0.7721820019058558
285,2325.9,0.7555757819594989
286,2336.6400000000003,0.7546705293099316
287,2347.42,0.7437834624977964
288,2352.83,0.7536852420104445
289,2363.69,0.7377251668731726
290,2374.6,0.7376261890326904
291,2385.56,0.724248828488998
292,2396.58,0.7240765367014533
293,2407.64,0.7180203107513402
294,2413.19,0.7182510106949996
295,2424.33,0.7259960764197503
296,2435.52,0.7200967694412905
297,2446.76,0.7224395797596205
298,2452.4,0.7215369228375014
299,2463.7200000000003,0.7108831748306949
300,2475.09,0.7012481541206783
301,2486.52,0.6867035321668092
302,2492.25,0.6859747383789117
303,2503.75,0.6952262166405483
304,2511.88643,0.6779399467004799
305,2515.31,0.6710354268106555
306,2526.92,0.6651337552105175
307,2532.74,0.6719992334781489
308,2544.43,0.668952846905745
309,2556.1800000000003,0.6878731366041411
310,2562.07,0.6732951705210393
311,2573.9,0.6808965652471693
312,2585.7799999999997,0.671766316865633
313,2597.7099999999996,0.6637612253764303
314,2603.7,0.6561767030779957
315,2615.7200000000003,0.6491359359949932
316,2627.79,0.6560170358043246
317,2633.85,0.6842432791551571
318,2646.0099999999998,0.705585973370689
319,2652.1099999999997,0.7444703942353883
320,2664.35,0.6876926334786537
321,2676.6499999999996,0.6957031689927198
322,2682.82,0.7107363355066859
323,2695.2,0.6730066660484857
324,2707.64,0.6900386928610857
325,2713.88,0.6582377050243189
326,2726.4100000000003,0.6371635262431193
327,2732.69,0.6523399059202197
328,2745.3100000000004,0.6166418415452206
329,2757.98,0.6276259040625551
330,2764.34,0.6442267687673893
331,2777.1,0.6456303756909243
332,2783.5,0.6113298779096252
333,2796.3500000000004,0.5789806492393605
334,2802.79,0.5824643089719286
335,2815.73,0.6232012247078645
336,2822.22,0.652985671332766
337,2835.2500000000005,0.6401969114749022
338,2841.7799999999997,0.6083132256136707
339,2854.9,0.5771195401620075
340,2868.08,0.6272318209811449
341,2874.6899999999996,0.6649554601476471
342,2884.0315,0.6538257177356266
343,2887.96,0.6495087782087686
344,2894.62,0.6802167644932174
345,2907.98,0.7363323366794392
346,2928.13,0.7025874689064125
347,2948.4300000000003,0.6813689246983511
348,2968.8700000000003,0.6830542291509237
349,2989.4500000000003,0.6816971822641303
350,3010.1699999999996,0.6748858840379712
351,3031.04,0.6857595093767769
352,3052.05,0.6901020833762168
353,3073.2,0.7078450060362906
354,3087.39,0.6970321952819856
355,3108.79,0.7334775905503347
356,3130.3399999999997,0.7061958093836487
357,3152.04,0.703207451781928
358,3166.59,0.7266488375835389
359,3188.5400000000004,0.6837138525900932
360,3210.6400000000003,0.7036943911616125
361,3232.89,0.658213053298097
362,3247.81,0.7493084105599552
363,3270.3300000000004,0.7991830951133765
364,3293.0,0.7882186032317633
365,3308.1899999999996,0.7576926829105587
366,3311.31121,0.7524586322280061
367,3323.4599999999996,0.73287444505158
368,3331.13,0.7492589965659203
369,3338.81,0.7160029720066159
370,3346.5,0.7580674713736665
371,3354.22,0.7480897425197823
372,3361.9500000000003,0.6629616375922531
373,3369.7,0.7258133805174343
374,3377.4700000000003,0.7093762712953253
375,3385.25,0.7146323859995716
376,3393.06,0.7517759724828831
377,3400.88,0.7854976828925495
378,3408.7200000000003,0.7461533411549263
379,3416.5800000000004,0.7091123472700132
380,3424.45,0.788217577311455
381,3432.35,0.8084480791319621
382,3440.2599999999998,0.7494944048788243
383,3448.19,0.6766684784783967
384,3456.14,0.7373160999306791
385,3464.11,0.6849679692356717
386,3472.0899999999997,0.7702433624670195
387,3480.1,0.6852700274774324
388,3488.12,0.7332478164142004
389,3496.16,0.7049966532036785
390,3504.2200000000003,0.7862250378458668
391,3512.2999999999997,0.7511044703407652
392,3520.39,0.7875202267620187
393,3528.51,0.6464612549623374
394,3536.64,0.7586691070890113
395,3544.8,0.7875979309947501
396,3552.97,0.7940222788268443
397,3561.16,0.7523065745116484
398,3569.37,0.6593989180491628
399,3577.6000000000004,0.7054092094393873
400,3585.84,0.6062183247559669
401,3594.1099999999997,0.6982908118516118
402,3602.39,0.8197205228736116
403,3610.7,0.6965242056746768
404,3619.02,0.7716214124020968
405,3627.36,0.801564366982227
406,3635.73,0.6851431933414227
407,3644.1099999999997,0.8515113436269732
408,3652.5099999999998,0.719645441765234
409,3660.93,0.8902750877562049
410,3669.3700000000003,0.8557080815998858
411,3677.82,0.8708204993699218
412,3686.3,0.8187076889190232
413,3694.7999999999997,0.8706602263208347
414,3703.32,0.9001325115753562
415,3711.86,0.7031900446825881
416,3720.4100000000003,0.8124910017161748
417,3728.99,0.7912933305288269
418,3737.59,0.5844735071941891
419,3746.2000000000003,0.7495286077859062
420,3754.8399999999997,0.6885705801566888
421,3763.49,0.7103242764538263
422,3772.17,0.722863344530029
423,3780.8599999999997,0.821951636532587
424,3789.5800000000004,0.7841930003142099
425,3798.32,0.707578611948543
426,3798.9,0.8208979996771373
427,3800.62,0.8235757150102098
428,3801.8939600000003,0.8255236508523724
429,3802.35,0.8262418002368664
430,3804.0800000000004,0.8485995192333926
431,3805.81,0.9072008382299189
432,3807.54,0.9129343572264451
433,3809.27,0.7911890762229713
434,3811.0,0.8110208952194975
435,3812.7299999999996,0.8410258142160238
436,3814.46,0.78676503321255
437,3816.19,0.6926722522090762
438,3817.92,0.7077878712056024
439,3819.65,0.7174777902021287
440,3821.3799999999997,0.6860581091986548
441,3823.11,0.7052419281951811
442,3824.8399999999997,0.6899980471917073
443,3826.57,0.6918050661882335
444,3828.3,0.6604614851847598
445,3830.0299999999997,0.601750004181286
446,3831.76,0.6004417231778121
447,3833.49,0.6110007421743384
448,3835.22,0.6076607611708646
449,3836.9399999999996,0.6187181991327289
450,3838.67,0.726150218129255
451,3840.4,0.7339070371257812
452,3842.13,0.6872530561223074
453,3843.86,0.6849630751188336
454,3845.5899999999997,0.7571165941153599
455,3847.32,0.726345013111886
456,3849.05,0.6871946321084124
457,3850.7799999999997,0.7680795511049386
458,3852.51,0.6980359701014647
459,3854.24,0.6390762890979911
460,3855.9700000000003,0.6504266080945171
461,3857.7,0.6820213270910434
462,3859.43,0.7482477460875696
463,3861.1600000000003,0.7213536650840958
464,3862.89,0.704965984080622
465,3864.6200000000003,0.6984152030771482
466,3866.35,0.7068756220736745
467,3868.08,0.7186645410702007
468,3869.8100000000004,0.6867186600667269
469,3871.54,0.6699781790632531
470,3873.26,0.6789563170251174
471,3874.99,0.6581932360216436
472,3876.7200000000003,0.6818191550181698
473,3878.45,0.6623238740146961
474,3880.18,0.6692514930112223
475,3881.9100000000003,0.7153540120077484
476,3883.64,0.7724489310042746
477,3885.3700000000003,0.8097434500008008
478,3887.1,0.7123428689973271
479,3888.83,0.7452146879938533
480,3890.56,0.8520669069903796
481,3892.29,0.7850522259869057
482,3894.0200000000004,0.8103959449834319
483,3895.75,0.8545940639799583
484,3897.48,0.7779806829764844
485,3899.21,0.7575133019730107
486,3900.94,0.8431256209695368
487,3902.6699999999996,0.831056139966063
488,3904.4,0.8097381589625893
489,3906.1299999999997,0.7892327779591155
490,3907.86,0.8132012969556417
491,3909.5800000000004,0.858165734917506
492,3911.31,0.8932895539140322
493,3913.04,0.8073057729105584
494,3914.77,0.7541338919070846
495,3916.5,0.7752527109036107
496,3918.2299999999996,0.7810080299001371
497,3919.96,0.7307985488966633
498,3921.69,0.7016664678931894
499,3923.42,0.6901571868897156
500,3925.15,0.646164505886242
501,3926.8799999999997,0.6705738248827682
502,3928.61,0.5884895438792943
503,3930.34,0.5345356628758205
504,3932.0699999999997,0.5609929818723467
505,3933.8,0.5442809008688729
506,3935.5299999999997,0.5899737198653991
507,3937.26,0.6679910388619253
508,3938.99,0.6878136578584516
509,3940.72,0.8442795768549778
510,3942.4500000000003,0.877191695851504
511,3944.18,0.7870333148480302
512,3945.9,0.7743952528098945
513,3947.6299999999997,0.7959524718064208
514,3949.36,0.8283975908029468
515,3951.0899999999997,0.7893690097994732
516,3952.82,0.7944189287959993
517,3954.55,0.8155757477925256
518,3956.2799999999997,0.7623563667890518
519,3958.01,0.724797885785578
520,3959.74,0.6757991047821043
521,3961.4700000000003,0.5901989237786305
522,3963.2000000000003,0.5807680427751567
523,3964.93,0.578554161771683
524,3966.6600000000003,0.571477680768209
525,3968.39,0.5995565997647353
526,3970.12,0.6729302187612616
527,3971.85,0.7981026377577878
528,3973.58,0.8329973567543141
529,3975.3100000000004,0.8035866757508401
530,3977.04,0.8220004947473665
531,3978.77,0.9124929137438926
532,3980.5,0.9525543327404189
533,3982.2200000000003,0.937102370702283
534,3983.95,0.9465754896988092
535,3985.68,0.9583237086953356
536,3987.4100000000003,0.9635551276918617
537,3989.14,0.9345759466883878
538,3990.8700000000003,0.941634365684914
539,3992.6,0.9858707846814403
540,3994.33,1.0189517036779665
541,3996.06,1.0025169226744928
542,3997.79,0.9889192416710189
543,3999.5199999999995,1.0006419606675452
544,4001.25,1.0140867796640713
545,4002.98,1.0001396986605977
546,4004.71,0.9924458176571238
547,4006.44,1.0090170366536502
548,4008.1699999999996,1.0295474556501762
549,4009.9,1.0444981746467026
550,4011.63,1.0678882936432288
551,4013.36,1.083915912639755
552,4015.09,1.0975356316362812
553,4016.8199999999997,1.1273274506328075
554,4018.55,1.1002836696293334
555,4020.2700000000004,1.0518358075911978
556,4022.0,1.064251026587724
557,4023.73,1.0943898455842502
558,4025.46,1.0692009645807765
559,4027.19,1.0056396835773027
560,4028.9199999999996,0.989763902573829
561,4030.65,0.9808212215703551
562,4032.3799999999997,0.9918258405668814
563,4034.11,1.0404280595634074
564,4035.84,1.0720251785599337
565,4037.5699999999997,1.05745509755646
566,4039.3,1.0428885165529862
567,4041.0299999999997,1.0615853355495126
568,4042.76,1.0122936545460386
569,4044.4900000000002,1.0096673735425648
570,4046.22,1.0480416925390912
571,4047.9500000000003,1.0409449115356173
572,4049.68,1.0528203305321435
573,4051.41,1.0560214495286697
574,4053.14,1.0228163685251959
575,4054.86,1.0176720064870601
576,4056.59,1.0250067254835864
577,4058.32,1.0429064444801126
578,4060.05,1.0312054634766388
579,4061.7799999999997,1.025370282473165
580,4063.51,1.0307700014696912
581,4065.24,1.0256021204662176
582,4066.97,1.0238370394627436
583,4068.7000000000003,1.02581455845927
584,4070.43,1.037918777455796
585,4072.1600000000003,1.0308884964523224
586,4073.89,1.0162745154488486
587,4075.62,1.0262970344453748
588,4077.3500000000004,1.052842153441901
589,4079.08,1.0827675724384274
590,4080.8100000000004,1.1109905914349534
591,4082.54,1.1387845104314795
592,4084.27,1.134241929428006
593,4086.0,1.127110548424532
594,4087.73,1.1402974674210584
595,4089.4599999999996,1.1035597864175846
596,4091.18,1.0732477243794487
597,4092.9100000000003,1.0583666433759749
598,4094.64,1.0212854623725012
599,4096.37,1.0118721813690275
600,4098.1,1.0015568003655535
601,4099.83,0.9892079193620797
602,4101.56,1.008918638358606
603,4103.29,1.0523128573551324
604,4105.0199999999995,1.0643504763516585
605,4106.75,1.0503808953481848
606,4108.48,1.0694148143447109
607,4110.21,1.1000684333412372
608,4111.94,1.1435103523377634
609,4113.67,1.1351969713342895
610,4115.400000000001,1.1202263903308158
611,4117.13,1.105431209327342
612,4118.86,1.0949408283238684
613,4120.59,1.0838153473203944
614,4122.32,1.0847347663169207
615,4124.05,1.0627904853134469
616,4125.78,1.0716921043099732
617,4127.5,1.0559066422718373
618,4129.23,1.0338191612683636
619,4130.96,1.0624675802648897
620,4132.69,1.0776030992614158
621,4134.42,1.0367912182579422
622,4136.150000000001,1.0422514372544684
623,4137.88,1.0547429562509947
624,4139.610000000001,1.0460957752475206
625,4141.34,1.037915794244047
626,4143.07,1.0062740132405732
627,4144.8,0.9613190322370995
628,4146.53,0.9600941512336258
629,4148.259999999999,0.9983160702301519
630,4149.99,0.9968144892266781
631,4151.72,1.0168300082232042
632,4153.45,1.0360797272197306
633,4155.18,1.0307973462162567
634,4156.91,1.050183965212783
635,4158.64,1.0884500842093092
636,4160.37,1.0709095032058353
637,4162.1,1.0412503222023615
638,4163.83,1.047511441198888
639,4165.55,1.036263379160752
640,4167.28,1.0401316981572784
641,4169.01,1.0038192171538045
642,4170.74,0.9743918361503308
643,4172.469999999999,0.972855655146857
644,4174.2,0.9902085741433833
645,4175.93,1.0096427931399092
646,4177.66,0.9951968121364356
647,4179.39,1.0007334311329616
648,4181.12,1.0449188501294882
649,4182.85,1.0713781691260142
650,4184.58,1.0399078881225403
651,4186.3099999999995,1.0607530071190667
652,4188.04,1.0923406261155928
653,4189.7699999999995,1.0721275451121193
654,4191.5,1.0330923641086454
655,4193.23,1.0058352831051716
656,4194.96,1.0050140021016978
657,4196.6900000000005,1.020489021098224
658,4198.42,1.0266831400947503
659,4200.14,1.0372632780566144
660,4201.87,1.0586707970531406
661,4203.6,1.1048712160496668
662,4205.33,1.1619820350461931
663,4207.06,1.1096781540427192
664,4208.79,1.0839745730392456
665,4210.5199999999995,1.0750987920357717
666,4212.25,1.117911611032298
667,4213.98,1.1397671300288241
668,4215.71,1.1217081490253504
669,4217.4400000000005,1.0692233680218766
670,4219.17,1.0703655870184028
671,4220.900000000001,1.025750706014929
672,4222.63,0.9647629250114552
673,4224.36,0.9742711440079814
674,4226.09,0.9966984630045077
675,4227.82,1.017835382001034
676,4229.55,1.04810760099756
677,4231.28,1.1036932199940863
678,4233.01,1.1081719389906126
679,4234.74,1.0754562579871387
680,4236.46,1.164104095949003
681,4238.19,1.1783437149455294
682,4239.92,1.1198114339420553
683,4241.650000000001,1.1071514529385815
684,4243.38,1.1323966719351077
685,4245.110000000001,1.126818990931634
686,4246.84,1.1059957099281603
687,4248.57,1.0882457289246865
688,4250.3,1.0643378479212127
689,4252.03,1.027634366917739
690,4253.76,1.0370505859142651
691,4255.49,1.1044175049107914
692,4257.22,1.1124040239073176
693,4258.95,1.075833942903844
694,4260.68,1.11219716190037
695,4262.41,1.0916408808968963
696,4264.14,1.0662746998934225
697,4265.87,1.0566649188899486
698,4267.599999999999,1.018636537886475
699,4269.33,1.003031156883001
700,4271.0599999999995,1.0153606758795273
701,4272.79,1.0336509948760535
702,4274.51,1.0220692328379177
703,4276.24,1.024488551834444
704,4277.97,1.0756324708309701
705,4279.7,1.0843242898274965
706,4281.43,1.0418097088240226
707,4283.16,1.021062927820549
708,4284.89,1.013197446817075
709,4286.62,1.0046327658136014
710,4288.35,1.0025053848101275
711,4290.08,0.9945508038066537
712,4291.8099999999995,1.0056157228031801
713,4293.54,0.9588658417997061
714,4295.2699999999995,0.8885559607962323
715,4297.0,0.8814525797927586
716,4298.7300000000005,0.8916473987892848
717,4300.46,0.8470737177858111
718,4302.1900000000005,0.8288345367823371
719,4303.92,0.8314633557788634
720,4305.65,0.8742289747753897
721,4307.38,0.9174071937719159
722,4309.1,0.9795936317337801
723,4310.83,1.0383761507303064
724,4312.5599999999995,1.1306068697268326
725,4314.29,1.1786717887233586
726,4316.0199999999995,1.149302307719885
727,4317.75,1.127506626716411
728,4319.48,1.1190979457129373
729,4321.21,1.1123249647094635
730,4322.9400000000005,1.0852904837059898
731,4324.67,1.0918567027025161
732,4326.400000000001,1.1699094216990422
733,4328.13,1.2033941406955684
734,4329.86,1.2024545596920948
735,4331.59,1.159072978688621
736,4333.32,1.1447981976851471
737,4335.05,1.1322525166816733
738,4336.78,1.1016114356781996
739,4338.51,1.0900000546747257
740,4340.24,1.105912973671252
741,4341.97,1.1483005926677783
742,4343.7,1.1232870116643046
743,4345.42,1.1470503496261686
744,4347.150000000001,1.165827268622695
745,4348.88,1.1751060876192212
746,4350.61,1.1598534066157473
747,4352.34,1.1650334256122734
748,4354.07,1.1739638446087999
749,4355.8,1.2102468636053259
750,4357.53,1.2052697826018521
751,4359.26,1.2256956015983784
752,4360.99,1.2098953205949046
753,4362.72,1.1865215395914308
754,4364.450000000001,1.212471858587957
755,4365.15832,1.2151954181807967
756,4366.18,1.2191576500387478
757,4367.91,1.1718257555769283
758,4369.64,1.123106161115109
759,4371.37,1.1331323666532898
760,4373.099999999999,1.1213169721914704
761,4374.83,1.1189419777296508
762,4376.5599999999995,1.1141802832678316
763,4378.29,1.091626088806012
764,4380.02,1.0726999943441926
765,4381.75,1.0493925998823734
766,4383.47,1.0682174938278477
767,4385.2,1.0768330993660284
768,4386.93,1.087717104904209
769,4388.66,1.0800006104423896
770,4390.39,1.0929054159805702
771,4392.12,1.146451321518751
772,4393.85,1.1530938270569315
773,4395.58,1.1732487325951122
774,4397.3099999999995,1.172427538133293
775,4399.04,1.1206061436714734
776,4400.7699999999995,1.083248749209654
777,4402.5,1.0877713547478347
778,4404.2300000000005,1.1211699602860152
779,4405.96,1.164139165824196
780,4407.6900000000005,1.1794420713623766
781,4409.42,1.1915369769005573
782,4411.15,1.1909214824387377
783,4412.88,1.2085066879769184
784,4414.61,1.1971962935150993
785,4416.34,1.2066317990532798
786,4418.0599999999995,1.2140416929987543
787,4419.79,1.206839598536935
788,4421.5199999999995,1.2327942040751154
789,4423.25,1.214134509613296
790,4424.9800000000005,1.2342362151514767
791,4426.71,1.2642185206896572
792,4428.4400000000005,1.235582926227838
793,4430.17,1.1937413317660186
794,4431.9,1.2032626373041992
795,4433.63,1.2017170428423798
796,4435.36,1.2213095483805605
797,4437.09,1.2369981539187411
798,4438.82,1.2903334594569218
799,4440.55,1.2913430649951023
800,4442.28,1.244782970533283
801,4444.01,1.2762942760714635
802,4445.740000000001,1.299603881609644
803,4447.47,1.2892704871478249
804,4449.2,1.2646339926860055
805,4450.93,1.228277598224186
806,4452.66,1.1936560037623667
807,4454.38,1.1557275977078412
808,4456.11,1.1807574032460217
809,4457.84,1.2127320087842024
810,4459.57,1.205915214322383
811,4461.3,1.2226957198605637
812,4463.03,1.2574485253987442
813,4464.76,1.253024230936925
814,4466.49,1.2959699364751056
815,4468.22,1.316233542013286
816,4469.95,1.3186681475514668
817,4471.68,1.3129097530896474
818,4473.41,1.335457358627828
819,4475.14,1.3183549641660086
820,4476.87,1.2957205697041894
821,4478.599999999999,1.29310817524237
822,4480.33,1.3022187807805508
823,4482.0599999999995,1.3336313863187312
824,4483.79,1.3430289918569118
825,4485.52,1.3656705973950924
826,4487.25,1.327694202933273
827,4488.9800000000005,1.3080148084714538
828,4490.71,1.3115024140096343
829,4492.43,1.3036468079551087
830,4494.16,1.3549854134932893
831,4495.89,1.3872600190314701
832,4497.62,1.3822596245696508
833,4499.349999999999,1.3784082301078313
834,4501.08,1.407054835646012
835,4502.8099999999995,1.4151184411841926
836,4504.54,1.413168046722373
837,4506.27,1.4185616522605538
838,4508.0,1.4312912577987345
839,4509.7300000000005,1.403417863336915
840,4511.46,1.3957484688750956
841,4513.1900000000005,1.3950420744132763
842,4514.92,1.389569679951457
843,4516.65,1.4123072854896375
844,4518.38,1.4320948910278182
845,4520.11,1.3806734965659988
846,4521.84,1.3294471021041794
847,4523.57,1.29861470764236
848,4525.3,1.2878043131805408
849,4527.030000000001,1.2423923187187214
850,4528.75,1.2248147126641957
851,4530.4800000000005,1.3001739182023764
852,4532.21,1.296794523740557
853,4533.9400000000005,1.3055241292787376
854,4535.67,1.3649607348169184
855,4537.4,1.351957340355099
856,4539.13,1.3705969458932796
857,4540.86,1.3595955514314602
858,4542.59,1.3355351569696408
859,4544.32,1.3658037625078214
860,4546.05,1.357471368046002
861,4547.78,1.3050969735841826
862,4549.51,1.3434715791223633
863,4551.24,1.373739184660544
864,4552.97,1.4078247901987246
865,4554.7,1.4063513957369054
866,4556.43,1.3904890012750857
867,4558.16,1.3911166068132663
868,4559.889999999999,1.396029212351447
869,4561.62,1.4440318178896276
870,4563.349999999999,1.4938404234278084
871,4565.07,1.4621608173732827
872,4566.8,1.4342834229114634
873,4568.53,1.411462028449644
874,4570.26,1.3967396339878246
875,4571.99,1.4378782395260052
876,4573.72,1.454805845064186
877,4575.45,1.4400824506023664
878,4577.18,1.379706056140547
879,4578.91,1.3582146616787276
880,4580.64,1.3994492672169083
881,4582.37,1.399785872755089
882,4584.099999999999,1.4161424782932697
883,4585.83,1.4210550838314504
884,4587.56,1.3847936893696309
885,4589.29,1.3813232949078116
886,4591.02,1.370508900445992
887,4592.75,1.365226505984173
888,4594.4800000000005,1.3845331115223534
889,4596.21,1.366382717060534
890,4597.94,1.3561393225987146
891,4599.67,1.3947049281368953
892,4601.39,1.4351783220823697
893,4603.12,1.4471489276205503
894,4604.849999999999,1.450350533158731
895,4606.58,1.4454451386969116
896,4608.3099999999995,1.4923037442350924
897,4610.04,1.549738349773273
898,4611.77,1.5080439553114533
899,4613.5,1.4774975608496341
900,4615.2300000000005,1.4771721663878148
901,4616.96,1.5031507719259953
902,4618.69,1.514645377464176
903,4620.42,1.4789559830023566
904,4622.15,1.4574655885405374
905,4623.88,1.445797194078718
906,4625.61,1.4373647996168986
907,4627.34,1.4306534051550792
908,4629.07,1.4539620106932598
909,4630.8,1.4790886162314403
910,4632.530000000001,1.446826221769621
911,4634.26,1.4013188273078017
912,4635.99,1.4082374328459824
913,4637.71,1.3671168267914566
914,4639.4400000000005,1.3483944323296373
915,4641.17,1.360361037867818
916,4642.9,1.3507896434059987
917,4644.63,1.3740992489441792
918,4646.36,1.39646085448236
919,4648.09,1.3703944600205407
920,4649.82,1.359393065558721
921,4651.55,1.3962426710969018
922,4653.28,1.4106872766350824
923,4655.01,1.397207882173263
924,4656.74,1.3872504877114438
925,4658.47,1.3828270932496243
926,4660.2,1.392600698787805
927,4661.93,1.3654903043259856
928,4663.66,1.3150229098641661
929,4665.389999999999,1.3080245154023469
930,4667.12,1.3060791209405274
931,4668.85,1.318236726478708
932,4670.58,1.3237253320168887
933,4672.3,1.3283577259623631
934,4674.03,1.3583453315005436
935,4675.76,1.3562039370387244
936,4677.490000000001,1.348920542576905
937,4679.22,1.3624121481150857
938,4680.95,1.3354917536532662
939,4682.68,1.3227753591914466
940,4684.41,1.3260679647296276
941,4686.139999999999,1.3496675702678083
942,4687.87,1.3797451758059887
943,4689.599999999999,1.3643597813441692
944,4691.33,1.3462043868823501
945,4693.06,1.3468329924205307
946,4694.79,1.3586085979587113
947,4696.52,1.3443662034968917
948,4698.25,1.3008608090350724
949,4699.9800000000005,1.295479414573253
950,4701.71,1.319652020111434
951,4703.44,1.3178916256496143
952,4705.17,1.334820231187795
953,4706.9,1.3456428367259756
954,4708.62,1.35485423067145
955,4710.349999999999,1.3752098362096306
956,4712.08,1.3855594417478114
957,4713.8099999999995,1.403060047285992
958,4715.54,1.4461006528241727
959,4717.27,1.4600742583623534
960,4719.0,1.4185648639005337
961,4720.7300000000005,1.4075644694387144
962,4722.46,1.4265850749768951
963,4724.19,1.4052886805150757
964,4725.92,1.3729312860532563
965,4727.65,1.371652891591437
966,4729.38,1.3712324971296177
967,4731.11,1.4027391026677982
968,4732.84,1.4210967082059787
969,4734.570000000001,1.3947443137441593
970,4736.3,1.41071991928234
971,4738.03,1.430788524820521
972,4739.76,1.4337041303587013
973,4741.49,1.453872735896882
974,4743.22,1.4685073414350627
975,4744.95,1.4607479469732434
976,4746.67,1.4317323409187177
977,4748.4,1.4295959464568984
978,4750.13,1.418018551995079
979,4751.86,1.3963411575332596
980,4753.59,1.4121207630714403
981,4755.32,1.4216133686096208
982,4757.05,1.3878259741478014
983,4758.780000000001,1.368436579685982
984,4760.51,1.3768811852241627
985,4762.24,1.3587257907623433
986,4763.97,1.333712396300524
987,4765.7,1.3657920018387046
988,4767.429999999999,1.4048346073768854
989,4769.16,1.3877282129150659
990,4770.889999999999,1.4044648184532467
991,4772.62,1.4082384239914272
992,4774.35,1.3947550295296076
993,4776.08,1.3928086350677884
994,4777.81,1.371508240605969
995,4779.54,1.3881498461441497
996,4781.27,1.3940164516823303
997,4782.99,1.3741558456278047
998,4784.72,1.3853604511659854
999,4786.45,1.410867056704166
1000,4788.18,1.4144446622423466
1001,4789.91,1.4057312677805274
1002,4791.639999999999,1.416558873318708
1003,4793.37,1.4329104788568885
1004,4795.1,1.4250550843950691
1005,4796.83,1.4407386899332497
1006,4798.56,1.4304042954714302
1007,4800.29,1.403480901009611
1008,4802.02,1.4092555065477916
1009,4803.75,1.4162701120859722
1010,4805.48,1.398782717624153
1011,4807.21,1.3973133231623336
1012,4808.94,1.407850928700514
1013,4810.67,1.4200125342386947
1014,4812.4,1.4393181397768755
1015,4814.13,1.432511745315056
1016,4815.860000000001,1.4331343508532366
1017,4817.58,1.4422517447987109
1018,4819.320000000001,1.439633561929598
1019,4821.04,1.4280609558750723
1020,4822.77,1.421063561413253
1021,4824.5,1.3946161669514336
1022,4826.2300000000005,1.400772772489614
1023,4827.96,1.3762313780277946
1024,4829.69,1.3778129835659754
1025,4831.42,1.3786265891041563
1026,4833.15,1.3633361946423366
1027,4834.88,1.3661568001805173
1028,4836.61,1.382126405718698
1029,4838.34,1.4164980112568786
1030,4840.070000000001,1.4069216167950593
1031,4841.8,1.38028822233324
1032,4843.53,1.3727138278714206
1033,4845.26,1.381444433409601
1034,4846.99,1.3666260389477818
1035,4848.72,1.3586746444859623
1036,4850.45,1.343575250024143
1037,4852.179999999999,1.3355238555623237
1038,4853.91,1.2832494611005043
1039,4855.63,1.2351698550459786
1040,4857.36,1.2188302605841594
1041,4859.09,1.2598700661223399
1042,4860.82,1.2827076716605206
1043,4862.55,1.2822822771987012
1044,4864.280000000001,1.3080748827368818
1045,4866.01,1.3179484882750625
1046,4867.74,1.311518093813243
1047,4869.47,1.3188186993514237
1048,4871.2,1.3361233048896044
1049,4872.929999999999,1.3136839104277849
1050,4874.66,1.3376605159659656
1051,4876.39,1.3604981215041463
1052,4878.12,1.370367727042327
1053,4879.85,1.3481193325805074
1054,4881.58,1.329015938118688
1055,4883.31,1.3078105436568688
1056,4885.04,1.3111071491950492
1057,4886.7699999999995,1.35195675473323
1058,4888.5,1.3587803602714106
1059,4890.23,1.3854259658095913
1060,4891.95,1.4239013597550656
1061,4893.68,1.4147069652932462
1062,4895.41,1.421530570831427
1063,4897.139999999999,1.4512311763696075
1064,4898.87,1.4118197819077882
1065,4900.6,1.3898573874459688
1066,4902.33,1.4038259929841495
1067,4904.06,1.39034659852233
1068,4905.79,1.3909692040605106
1069,4907.52,1.4115198095986914
1070,4909.25,1.406232415136872
1071,4910.98,1.3612980206750527
1072,4912.71,1.3561116262132333
1073,4914.44,1.330331231751414
1074,4916.17,1.3044598372895946
1075,4917.9,1.2989824428277752
1076,4919.63,1.3258240483659556
1077,4921.360000000001,1.3550436539041364
1078,4923.09,1.3763562594423169
1079,4924.82,1.3817448649804975
1080,4926.55,1.4194524705186782
1081,4928.27,1.4093148644641527
1082,4930.0,1.3912554700023332
1083,4931.73,1.397793075540514
1084,4933.46,1.3777326810786945
1085,4935.19,1.3653012866168752
1086,4936.92,1.3869908921550558
1087,4938.65,1.4075404976932364
1088,4940.38,1.424083103231417
1089,4942.11,1.430811708769598
1090,4943.84,1.4431633143077782
1091,4945.570000000001,1.4618019198459589
1092,4947.3,1.4581415253841397
1093,4949.03,1.4534261309223202
1094,4950.76,1.431272736460501
1095,4952.49,1.4001543419986815
1096,4954.219999999999,1.3717099475368622
1097,4955.95,1.3546035530750427
1098,4957.68,1.3484641586132233
1099,4959.41,1.381691764151404
1100,4961.14,1.3822193696895846
1101,4962.87,1.3555859752277652
1102,4964.59,1.3555473691732396
1103,4966.320000000001,1.3839139747114202
1104,4968.05,1.406270580249601
1105,4969.78,1.3762051857877815
1106,4971.51,1.3732057913259623
1107,4973.24,1.3781233968641429
1108,4974.97,1.3588290024023233
1109,4976.7,1.335336607940504
1110,4978.429999999999,1.2943102134786848
1111,4980.16,1.2809208190168653
1112,4981.89,1.3124324245550458
1113,4983.62,1.3398410300932266
1114,4985.35,1.3473326356314073
1115,4987.08,1.365209241169588
1116,4988.81,1.3540168467077682
1117,4990.54,1.3516904522459492
1118,4992.2699999999995,1.3604160577841296
1119,4994.0,1.3472226633223103
1120,4995.73,1.3288772688604908
1121,4997.46,1.3209258743986716
1122,4999.19,1.2911424799368523
1123,5000.91,1.2981618738823266
1124,5002.64,1.3084124794205072
1125,5004.37,1.2969350849586878
1126,5006.1,1.2653446904968684
1127,5007.83,1.2538622960350492
1128,5009.5599999999995,1.23742790157323
1129,5011.290000000001,1.2163187071114103
1130,5011.87234,1.2248725093663715
1131,5013.02,1.2417566364592028
1132,5014.75,1.278260224388186
1133,5016.48,1.3019958123171693
1134,5018.21,1.2963684002461522
1135,5019.9400000000005,1.3092369881751356
1136,5021.67,1.3328765761041188
1137,5023.4,1.3203861640331018
1138,5025.13,1.315334751962085
1139,5026.86,1.3244823398910683
1140,5028.589999999999,1.3170479278200513
1141,5030.320000000001,1.3099905157490346
1142,5032.05,1.3223831036780178
1143,5033.78,1.316663691607001
1144,5035.509999999999,1.3046502795359842
1145,5037.2300000000005,1.2964574247601754
1146,5038.96,1.2782480126891587
1147,5040.69,1.287589600618142
1148,5042.42,1.313323188547125
1149,5044.15,1.3534537764761083
1150,5045.88,1.3593593644050914
1151,5047.610000000001,1.3448719523340746
1152,5049.34,1.3540185402630576
1153,5051.07,1.3566881281920409
1154,5052.799999999999,1.353733716121024
1155,5054.530000000001,1.3671703040500072
1156,5056.26,1.3787998919789906
1157,5057.99,1.3774614799079736
1158,5059.719999999999,1.3611620678369567
1159,5061.45,1.34743265576594
1160,5063.18,1.331705243694923
1161,5064.91,1.3179798316239064
1162,5066.64,1.3207404195528893
1163,5068.37,1.3201690074818726
1164,5070.099999999999,1.316638595410856
1165,5071.830000000001,1.3285541833398389
1166,5073.55,1.3083473285640304
1167,5075.28,1.2868059164930137
1168,5077.009999999999,1.2726945044219966
1169,5078.740000000001,1.24838809235098
1170,5080.47,1.270594680279963
1171,5082.2,1.3091042682089462
1172,5083.93,1.3099628561379295
1173,5085.66,1.3054794440669126
1174,5087.39,1.3186340319958956
1175,5089.12,1.3299736199248788
1176,5090.85,1.320347207853862
1177,5092.58,1.3045197957828454
1178,5094.3099999999995,1.2873633837118283
1179,5096.039999999999,1.2678229716408116
1180,5097.77,1.2717275595697948
1181,5099.5,1.274587147498778
1182,5101.23,1.2937437354277612
1183,5102.96,1.2996533233567442
1184,5104.69,1.2809669112857276
1185,5106.42,1.2618084992147107
1186,5108.150000000001,1.287065087143694
1187,5109.87,1.3047992323678854
1188,5111.599999999999,1.2995578202968683
1189,5113.33,1.3095624082258517
1190,5115.06,1.3159499961548347
1191,5116.79,1.294594584083818
1192,5118.5199999999995,1.2782951720128013
1193,5120.249999999999,1.2612287599417844
1194,5121.9800000000005,1.2616113478707676
1195,5123.71,1.2564599357997506
1196,5125.44,1.2515045237287339
1197,5127.17,1.275811111657717
1198,5128.9,1.2476876995867001
1199,5130.63,1.2453052875156834
1200,5132.360000000001,1.2595048754446667
1201,5134.09,1.2664634633736496
1202,5135.82,1.260169051302633
1203,5137.549999999999,1.2534016392316163
1204,5139.280000000001,1.2630252271605993
1205,5141.01,1.2394818150895826
1206,5142.74,1.2088807030185655
1207,5144.47,1.2375729909475488
1208,5146.1900000000005,1.21431913617174
1209,5147.92,1.2102171241007231
1210,5149.65,1.2367163120297064
1211,5151.38,1.2312798999586896
1212,5153.11,1.243290487887673
1213,5154.84,1.2340410758166558
1214,5156.570000000001,1.2235566637456392
1215,5158.3,1.2124959516746223
1216,5160.03,1.1660754396036055
1217,5161.759999999999,1.1105801275325888
1218,5163.49,1.068578715461572
1219,5165.22,1.030259903390555
1220,5166.95,1.0143575913195382
1221,5168.68,1.0168454792485213
1222,5170.41,1.0345244671775045
1223,5172.139999999999,1.0586693551064879
1224,5173.870000000001,1.0292791430354709
1225,5175.6,1.061354530964454
1226,5177.33,1.0662828188934372
1227,5179.0599999999995,1.0693681068224206
1228,5180.79,1.0875648947514036
1229,5182.51,1.124121339975595
1230,5184.24,1.125989727904578
1231,5185.969999999999,1.1755911158335612
1232,5187.7,1.2133388037625445
1233,5189.43,1.2336423916915278
1234,5191.16,1.2459349796205108
1235,5192.89,1.2675735675494941
1236,5194.62,1.2713831554784774
1237,5196.349999999999,1.2483157434074603
1238,5198.080000000001,1.2547943313364434
1239,5199.81,1.2314409192654268
1240,5201.54,1.1942627071944099
1241,5203.2699999999995,1.2001728951233932
1242,5205.0,1.2064642830523764
1243,5206.7300000000005,1.2206642709813595
1244,5208.46,1.2313398589103426
1245,5210.1900000000005,1.2728014468393258
1246,5211.92,1.3240840347683092
1247,5213.65,1.3004406226972922
1248,5215.379999999999,1.3297052106262754
1249,5217.110000000001,1.3220757985552585
1250,5218.84,1.2951953864842416
1251,5220.5599999999995,1.3110245317084332
1252,5222.290000000001,1.284903119637416
1253,5224.02,1.2675547075663995
1254,5225.75,1.3002462954953824
1255,5227.48,1.3058708834243657
1256,5229.21,1.3075824713533488
1257,5230.94,1.331795059282332
1258,5232.67,1.3382726472113153
1259,5234.400000000001,1.3681092351402984
1260,5236.13,1.3672518230692816
1261,5237.86,1.375254410998265
1262,5239.589999999999,1.398894998927248
1263,5241.320000000001,1.3854505868562312
1264,5243.05,1.3444641747852142
1265,5244.78,1.3330217627141974
1266,5246.51,1.3635253506431808
1267,5248.24,1.3646649385721639
1268,5249.97,1.333114526501147
1269,5251.7,1.3260611144301302
1270,5253.43,1.3211007023591133
1271,5255.15,1.3086198475833049
1272,5256.88,1.3117614355122877
1273,5258.610000000001,1.274682023441271
1274,5260.34,1.2249216113702541
1275,5262.07,1.2002341992992374
1276,5263.799999999999,1.2034716872282205
1277,5265.530000000001,1.1756383751572037
1278,5267.26,1.193082463086187
1279,5268.99,1.2479835510151702
1280,5270.72,1.2700031389441533
1281,5272.45,1.3241417268731366
1282,5274.18,1.3728503148021196
1283,5275.910000000001,1.3492079027311028
1284,5277.64,1.342917490660086
1285,5279.37,1.372749078589069
1286,5281.099999999999,1.4002966665180523
1287,5282.829999999999,1.4139282544470357
1288,5284.56,1.3894278423760187
1289,5286.29,1.414497430305002
1290,5288.0199999999995,1.397145018233985
1291,5289.740000000001,1.3781821634581766
1292,5291.47,1.3841837513871598
1293,5293.2,1.3401463393161428
1294,5294.93,1.357776927245126
1295,5296.66,1.388375515174109
1296,5298.389999999999,1.3824661031030923
1297,5300.120000000001,1.3896116910320755
1298,5301.85,1.4138232789610585
1299,5303.58,1.432501866890042
1300,5305.3099999999995,1.432788454819025
1301,5307.04,1.4425080427480081
1302,5308.77,1.4501346306769916
1303,5310.5,1.4325912186059746
1304,5312.23,1.4545158065349577
1305,5313.96,1.499603394463941
1306,5315.69,1.459183982392924
1307,5317.42,1.4241065703219074
1308,5319.150000000001,1.3644321582508903
1309,5320.88,1.3077167461798735
1310,5322.61,1.320962334108857
1311,5324.339999999999,1.32163092203784
1312,5326.070000000001,1.3144785099668232
1313,5327.8,1.3493660978958062
1314,5329.5199999999995,1.3484182431199976
1315,5331.25,1.3465078310489809
1316,5332.9800000000005,1.387782418977964
1317,5334.71,1.3885410069069473
1318,5336.4400000000005,1.3642355948359304
1319,5338.17,1.3867271827649135
1320,5339.9,1.3974037706938969
1321,5341.63,1.37862135862288
1322,5343.360000000001,1.3829119465518631
1323,5345.09,1.3934925344808464
1324,5346.82,1.4105521224098294
1325,5348.549999999999,1.4142697103388127
1326,5350.28,1.4194132982677958
1327,5352.01,1.458590886196779
1328,5353.74,1.4901374741257623
1329,5355.47,1.4728850620547453
1330,5357.2,1.4579166499837286
1331,5358.929999999999,1.4399012379127116
1332,5360.660000000001,1.417787825841695
1333,5362.39,1.429985413770678
1334,5364.11,1.4186475589948693
1335,5365.839999999999,1.3883321469238525
1336,5367.570000000001,1.3694597348528357
1337,5369.3,1.3970033227818188
1338,5371.03,1.4072979107108021
1339,5372.759999999999,1.4025284986397852
1340,5374.49,1.4076760865687685
1341,5376.22,1.4331276744977515
1342,5377.95,1.4551432624267349
1343,5379.68,1.4431328503557181
1344,5381.41,1.431119438284701
1345,5383.139999999999,1.4166310262136843
1346,5384.870000000001,1.4223466141426673
1347,5386.6,1.3851722020716506
1348,5388.33,1.3845007900006339
1349,5390.0599999999995,1.3885053779296173
1350,5391.79,1.3825009658586003
1351,5393.52,1.3582855537875833
1352,5395.25,1.3572381417165664
1353,5396.9800000000005,1.3552327296455497
1354,5398.7,1.325116874869741
1355,5400.43,1.3122444627987242
1356,5402.16,1.3187270507277076
1357,5403.89,1.3009936386566905
1358,5405.62,1.3354052265856737
1359,5407.349999999999,1.3458908145146569
1360,5409.080000000001,1.3414074024436402
1361,5410.81,1.3530369903726234
1362,5412.54,1.3679985783016064
1363,5414.2699999999995,1.3822971662305896
1364,5416.0,1.3964967541595728
1365,5417.73,1.410890342088556
1366,5419.46,1.4441529300175393
1367,5421.1900000000005,1.4327155179465223
1368,5422.92,1.4037391058755055
1369,5424.65,1.4004946938044889
1370,5426.379999999999,1.4043072817334719
1371,5428.110000000001,1.4067818696624552
1372,5429.84,1.409451457591438
1373,5431.57,1.4121170455204215
1374,5433.3,1.4147866334494048
1375,5435.03,1.4174522213783878
1376,5436.75,1.4201263666025792
1377,5438.48,1.4267039545315623
1378,5440.21,1.4148805424605455
1379,5441.94,1.3882871303895288
1380,5443.67,1.392000718318512
1381,5445.400000000001,1.3929543062474952
1382,5447.13,1.392664894176478
1383,5448.86,1.3743634821054613
1384,5450.589999999999,1.3747460700344447
1385,5452.320000000001,1.3613976579634277
1386,5454.05,1.3310862458924109
1387,5455.78,1.381029833821394
1388,5457.51,1.3871314217503772
1389,5459.24,1.3748310096793606
1390,5460.97,1.3625355976083435
1391,5462.700000000001,1.3757811855373268
1392,5464.43,1.38197777346631
1393,5466.16,1.376255361395293
1394,5467.889999999999,1.3595749493242764
1395,5469.62,1.3365075372532593
1396,5471.35,1.3627171251822428
1397,5473.07,1.338606270406434
1398,5474.799999999999,1.3243048583354171
1399,5476.53,1.3380314462644005
1400,5478.26,1.3265890341933835
1401,5479.99,1.3290676221223667
1402,5481.72,1.3621452100513498
1403,5483.45,1.363761797980333
1404,5485.179999999999,1.3698623859093162
1405,5486.910000000001,1.3632819738382993
1406,5488.64,1.3815845617672826
1407,5490.37,1.3724301496962659
1408,5492.099999999999,1.382629737625249
1409,5493.83,1.3903473255542322
1410,5495.56,1.3803389134832151
1411,5497.29,1.3577445014121985
1412,5499.02,1.3483080893411814
1413,5500.75,1.3635596772701648
1414,5502.48,1.349830265199148
1415,5504.210000000001,1.340012853128131
1416,5505.9400000000005,1.3427734410571144
1417,5507.67,1.3448710289860977
1418,5509.389999999999,1.350019174210289
1419,5511.120000000001,1.3438237621392721
1420,5512.85,1.3504023500682552
1421,5514.58,1.3816639379972384
1422,5516.3099999999995,1.3993935259262216
1423,5518.04,1.3856641138552046
1424,5519.77,1.372986701784188
1425,5521.5,1.3512502897131713
1426,5523.2300000000005,1.3443878776421543
1427,5524.96,1.3462904655711376
1428,5526.69,1.3653550535001209
1429,5528.419999999999,1.374883641429104
1430,5530.150000000001,1.377076229358087
1431,5531.88,1.39738081728707
1432,5533.61,1.3879404052160533
1433,5535.34,1.3564849931450365
1434,5537.07,1.4058575810740197
1435,5538.8,1.405381169003003
1436,5540.53,1.363150756931986
1437,5542.26,1.3685843448609694
1438,5543.99,1.3763059327899523
1439,5545.71,1.3894610780141436
1440,5547.4400000000005,1.423681665943127
1441,5549.17,1.43016025387211
1442,5550.9,1.4077608418010934
1443,5552.629999999999,1.3810674297300767
1444,5554.360000000001,1.3566650176590596
1445,5556.09,1.3546606055880428
1446,5557.82,1.3589501935170258
1447,5559.55,1.3742017814460092
1448,5561.28,1.3714343693749924
1449,5563.01,1.3373099573039755
1450,5564.740000000001,1.3292995452329588
1451,5566.47,1.3558941331619419
1452,5568.2,1.354651721090925
1453,5569.929999999999,1.3578933090199083
1454,5571.660000000001,1.3914418969488913
1455,5573.39,1.3977334848778746
1456,5575.12,1.378384072806858
1457,5576.849999999999,1.365893660735841
1458,5578.58,1.3548372486648241
1459,5580.31,1.3192788365938073
1460,5582.03,1.3059399818179986
1461,5583.76,1.312608569746982
1462,5585.49,1.300122157675965
1463,5587.22,1.2912537456049482
1464,5588.950000000001,1.3023113335339314
1465,5590.68,1.2991659214629145
1466,5592.41,1.2843875093918977
1467,5594.139999999999,1.317083097320881
1468,5595.87,1.3448176852498641
1469,5597.6,1.332617273178847
1470,5599.33,1.3341388611078304
1471,5601.0599999999995,1.3563494490368138
1472,5602.79,1.3595870369657967
1473,5604.5199999999995,1.36292362489478
1474,5606.25,1.387707212823763
1475,5607.9800000000005,1.3794108007527464
1476,5609.71,1.3665433886817295
1477,5611.44,1.3510979766107125
1478,5613.169999999999,1.3315575645396958
1479,5614.900000000001,1.349379152468679
1480,5616.63,1.356814740397662
1481,5618.349999999999,1.3439468856218537
1482,5620.08,1.3207844735508367
1483,5621.81,1.31744906147982
1484,5623.54,1.322974649408803
1485,5625.27,1.3386072373377862
1486,5627.0,1.3482308252667694
1487,5628.73,1.3534744131957526
1488,5630.46,1.3595710011247357
1489,5632.1900000000005,1.353089589053719
1490,5633.92,1.347558176982702
1491,5635.65,1.3645257649116853
1492,5637.379999999999,1.3750113528406684
1493,5639.110000000001,1.3453629407696517
1494,5640.84,1.3252505286986347
1495,5642.57,1.356322116627618
1496,5644.3,1.3777697045566013
1497,5646.03,1.3802442924855842
1498,5647.759999999999,1.3548898804145675
1499,5649.490000000001,1.3679444683435507
1500,5651.22,1.3860560562725337
1501,5652.95,1.373664644201517
1502,5654.670000000001,1.3727127894257083
1503,5656.400000000001,1.3616563773546915
1504,5658.13,1.3474499652836749
1505,5659.86,1.346497553212658
1506,5661.589999999999,1.3742321411416412
1507,5663.32,1.3853847290706245
1508,5665.05,1.3643153169996074
1509,5666.78,1.3826179049285907
1510,5668.51,1.4170294928575737
1511,5670.24,1.399772080786557
1512,5671.969999999999,1.4155956687155402
1513,5673.700000000001,1.4093962566445233
1514,5675.43,1.4149258445735065
1515,5677.16,1.3986224325024896
1516,5678.889999999999,1.365737020431473
1517,5680.62,1.3569646083604558
1518,5682.35,1.3510551962894393
1519,5684.08,1.3524847842184224
1520,5685.81,1.3637293721474055
1521,5687.54,1.3666849600763886
1522,5689.2699999999995,1.387652548005372
1523,5691.000000000001,1.416630135934355
1524,5692.72,1.3790742811585466
1525,5694.45,1.3943268690875295
1526,5696.179999999999,1.3916534570165129
1527,5697.910000000001,1.3640120449454958
1528,5699.64,1.361342632874479
1529,5701.37,1.3621972208034623
1530,5703.099999999999,1.3438968087324457
1531,5704.83,1.3610503966614287
1532,5706.56,1.371249984590412
1533,5708.29,1.341697572519395
1534,5710.02,1.3507531604483782
1535,5711.75,1.3925007483773615
1536,5713.48,1.3968853363063445
1537,5715.209999999999,1.443116924235328
1538,5716.9400000000005,1.4520725121643108
1539,5718.67,1.427862100093294
1540,5720.4,1.4459696880222774
1541,5722.13,1.4163252759512603
1542,5723.86,1.3950658638802436
1543,5725.59,1.4246154518092267
1544,5727.3099999999995,1.396306597033418
1545,5729.04,1.3882041849624012
1546,5730.7699999999995,1.3946867728913845
1547,5732.5,1.3855323608203678
1548,5734.2300000000005,1.4017379487493506
1549,5735.96,1.431855536678334
1550,5737.69,1.3966821246073173
1551,5739.419999999999,1.3656997125363004
1552,5741.150000000001,1.3785683004652836
1553,5742.88,1.3673178883942667
1554,5744.61,1.3606454763232498
1555,5746.34,1.3700830642522333
1556,5748.07,1.3677916521812161
1557,5749.8,1.3814222401101994
1558,5751.530000000001,1.3823728280391825
1559,5753.26,1.3940974159681658
1560,5754.399369999999,1.3844902138344413
1561,5754.99,1.3795195692952074
1562,5756.719999999999,1.385648174999517
1563,5758.450000000001,1.3768077807038268
1564,5760.18,1.3569143864081363
1565,5761.91,1.363900992112446
1566,5763.629999999999,1.3475349931595053
1567,5765.360000000001,1.3723475988638147
1568,5767.09,1.3825712045681247
1569,5768.82,1.4048088102724343
1570,5770.55,1.3726154159767439
1571,5772.28,1.3509110216810536
1572,5774.01,1.3603756273853633
1573,5775.740000000001,1.3540142330896727
1574,5777.47,1.3202988387939825
1575,5779.2,1.3204184444982923
1576,5780.929999999999,1.339511050202602
1577,5782.66,1.3426816559069115
1578,5784.39,1.3327962616112212
1579,5786.12,1.3250048673155308
1580,5787.85,1.3454324730198404
1581,5789.58,1.37929507872415
1582,5791.3099999999995,1.38361368442846
1583,5793.04,1.3838322901327693
1584,5794.77,1.388622895837079
1585,5796.5,1.4033305015413888
1586,5798.23,1.4143171072456981
1587,5799.959999999999,1.394614712950008
1588,5801.68,1.4013157139970671
1589,5803.41,1.4187883197013769
1590,5805.139999999999,1.4205319254056865
1591,5806.87,1.3915795311099963
1592,5808.6,1.3789301368143059
1593,5810.33,1.3783827425186155
1594,5812.06,1.375551348222925
1595,5813.79,1.3881579539272348
1596,5815.5199999999995,1.3813235596315445
1597,5817.250000000001,1.3751521653358543
1598,5818.9800000000005,1.3949127710401636
1599,5820.71,1.4057123767444735
1600,5822.44,1.4175559824487831
1601,5824.17,1.4315975881530927
1602,5825.900000000001,1.4109371938574025
1603,5827.63,1.402672799561712
1604,5829.36,1.4148024052660215
1605,5831.09,1.4222660109703313
1606,5832.82,1.419812616674641
1607,5834.549999999999,1.4251792223789508
1608,5836.280000000001,1.4092848280832602
1609,5838.0,1.4004528291303195
1610,5839.73,1.400767434834629
1611,5841.460000000001,1.403175040538939
1612,5843.1900000000005,1.3805176462432485
1613,5844.92,1.3720582519475581
1614,5846.65,1.3593138576518677
1615,5848.38,1.3600054633561776
1616,5850.11,1.3570790690604873
1617,5851.84,1.3555786747647967
1618,5853.57,1.3476952804691065
1619,5855.3,1.3437208861734162
1620,5857.03,1.3225844918777256
1621,5858.759999999999,1.3146060975820355
1622,5860.490000000001,1.317012703286345
1623,5862.22,1.3022663089906545
1624,5863.95,1.3068669146949643
1625,5865.679999999999,1.333680520399274
1626,5867.41,1.3242681261035836
1627,5869.14,1.3230577318078933
1628,5870.87,1.314030337512203
1629,5872.6,1.3050949432165124
1630,5874.32,1.304746944263572
1631,5876.05,1.3376565499678814
1632,5877.780000000001,1.2595221556721912
1633,5879.51,1.2139837613765008
1634,5881.24,1.1944713670808105
1635,5882.969999999999,1.1521739727851201
1636,5884.700000000001,1.0844388784894297
1637,5886.43,1.0330034841937394
1638,5888.16,1.0132020898980492
1639,5889.889999999999,1.024687595602359
1640,5891.62,1.0453114013066684
1641,5893.35,1.068578807010978
1642,5895.08,1.1302475127152878
1643,5896.81,1.1427626184195974
1644,5898.54,1.176724424123907
1645,5900.2699999999995,1.2192630298282165
1646,5901.999999999999,1.2449326355325263
1647,5903.7300000000005,1.283943241236836
1648,5905.46,1.2649068469411455
1649,5907.19,1.2939094526454553
1650,5908.92,1.321009058349765
1651,5910.64,1.309599059396824
1652,5912.37,1.291992665101134
1653,5914.1,1.3121302708054434
1654,5915.83,1.3136838765097532
1655,5917.5599999999995,1.3087554822140628
1656,5919.29,1.3449070879183727
1657,5921.02,1.315862693622682
1658,5922.75,1.3262772993269918
1659,5924.48,1.3150579050313014
1660,5926.209999999999,1.330810510735611
1661,5927.9400000000005,1.2955701164399207
1662,5929.67,1.3132327221442304
1663,5931.4,1.32841332784854
1664,5933.13,1.3184329335528497
1665,5934.86,1.3455285392571594
1666,5936.59,1.324491144961469
1667,5938.320000000001,1.3434847506657785
1668,5940.05,1.3380803563700883
1669,5941.78,1.3182779620743978
1670,5943.509999999999,1.3280295677787075
1671,5945.240000000001,1.327199173483017
1672,5946.96,1.3360931745300764
1673,5948.69,1.3201077802343861
1674,5950.419999999999,1.3505393859386958
1675,5952.150000000001,1.3530469916430055
1676,5953.88,1.333149597347315
1677,5955.61,1.3228832030516249
1678,5957.34,1.3332028087559342
1679,5959.07,1.326558414460244
1680,5960.8,1.3528000201645538
1681,5962.530000000001,1.3682666258688634
1682,5964.26,1.385929231573173
1683,5965.99,1.3667938372774828
1684,5967.719999999999,1.3542404429817925
1685,5969.45,1.356552048686102
1686,5971.18,1.3434266543904116
1687,5972.91,1.329820260094721
1688,5974.64,1.3114518657990308
1689,5976.37,1.3157704715033407
1690,5978.099999999999,1.3220860772076501
1691,5979.830000000001,1.3325046829119598
1692,5981.55,1.3261466839590192
1693,5983.28,1.3155942896633288
1694,5985.009999999999,1.3180018953676385
1695,5986.740000000001,1.3142175010719481
1696,5988.47,1.3500831067762578
1697,5990.2,1.3530667124805673
1698,5991.929999999999,1.3315523181848772
1699,5993.66,1.3339599238891866
1700,5995.39,1.3402795295934964
1701,5997.12,1.321431135297806
1702,5998.85,1.3278457410021156
1703,6000.58,1.3107123467064252
1704,6002.3099999999995,1.298539952410735
1705,6004.040000000001,1.3171525581150445
1706,6005.77,1.3034541638193542
1707,6007.5,1.293092769523664
1708,6009.23,1.3062723752279737
1709,6010.96,1.3057279809322833
1710,6012.6900000000005,1.306038586636593
1711,6014.42,1.2931031923409027
1712,6016.150000000001,1.285407798045212
1713,6017.87,1.2959247990922715
1714,6019.6,1.3004304047965811
1715,6021.33,1.3091330105008907
1716,6023.06,1.3403306162052004
1717,6024.79,1.3513172219095102
1718,6026.5199999999995,1.3445778276138196
1719,6028.250000000001,1.3380254333181294
1720,6029.9800000000005,1.344536039022439
1721,6031.71,1.3656266447267487
1722,6033.44,1.3650822504310582
1723,6035.17,1.343659856135368
1724,6036.9,1.3462624618396775
1725,6038.63,1.3764120675439873
1726,6040.360000000001,1.382155673248297
1727,6042.09,1.3570192789526065
1728,6043.82,1.3533268846569162
1729,6045.549999999999,1.354785490361226
1730,6047.280000000001,1.3485190960655353
1731,6049.01,1.3505487017698452
1732,6050.74,1.3522893074741549
1733,6052.469999999999,1.3368749131784645
1734,6054.2,1.327753518882774
1735,6055.92,1.3229205199298335
1736,6057.65,1.330193125634143
1737,6059.38,1.3402267313384526
1738,6061.11,1.3216683370427624
1739,6062.84,1.342662942747072
1740,6064.570000000001,1.3485055484513817
1741,6066.3,1.3334701541556915
1742,6068.03,1.3541827598600011
1743,6069.759999999999,1.3590723655643107
1744,6071.490000000001,1.3434649712686204
1745,6073.22,1.3396805769729299
1746,6074.95,1.3324601826772395
1747,6076.68,1.3129487883815492
1748,6078.41,1.3010583940858589
1749,6080.14,1.2884089997901684
1750,6081.87,1.2921506054944782
1751,6083.6,1.318106211198788
1752,6085.33,1.3196598169030975
1753,6087.0599999999995,1.302241422607407
1754,6088.789999999999,1.3092280283117168
1755,6090.51,1.297914029358776
1756,6092.24,1.3059486350630858
1757,6093.969999999999,1.2998732407673954
1758,6095.7,1.270065846471705
1759,6097.43,1.2664684521760148
1760,6099.16,1.2764100578803244
1761,6100.89,1.3090386635846338
1762,6102.62,1.3067752692889436
1763,6104.349999999999,1.2966998749932535
1764,6106.080000000001,1.283951480697563
1765,6107.81,1.2766400864018725
1766,6109.54,1.2489266921061823
1767,6111.2699999999995,1.2427592978104918
1768,6113.0,1.2455479035148016
1769,6114.7300000000005,1.2241295092191113
1770,6116.46,1.2399811149234208
1771,6118.19,1.2401967206277305
1772,6119.92,1.2457533263320402
1773,6121.65,1.25826493203635
1774,6123.38,1.2479985377406595
1775,6125.110000000001,1.2417331434449692
1776,6126.83,1.2301351444920283
1777,6128.5599999999995,1.258756750196338
1778,6130.290000000001,1.2534473559006478
1779,6132.02,1.2385099616049573
1780,6133.75,1.247399567309267
1781,6135.48,1.2605821730135767
1782,6137.21,1.2726177787178865
1783,6138.9400000000005,1.2859903844221958
1784,6140.67,1.2945939901265056
1785,6142.4,1.2563035958308153
1786,6144.13,1.2742492015351248
1787,6145.86,1.2619808072394345
1788,6147.59,1.269825412943744
1789,6149.320000000001,1.2504050186480538
1790,6151.05,1.2313686243523636
1791,6152.78,1.2168102300566732
1792,6154.509999999999,1.1896718357609828
1793,6156.24,1.1952254414652925
1794,6157.97,1.172091047169602
1795,6159.7,1.1683026528739118
1796,6161.43,1.1776722585782213
1797,6163.16,1.1872328642825312
1798,6164.88,1.2040378653295902
1799,6166.610000000001,1.2040654710339
1800,6168.34,1.2186750767382097
1801,6170.07,1.2134606824425191
1802,6171.799999999999,1.196137288146829
1803,6173.530000000001,1.2189468938511387
1804,6175.26,1.2377504995554482
1805,6176.99,1.2153781052597579
1806,6178.719999999999,1.2236037109640676
1807,6188.58,1.3288279030129075
1808,6202.849999999999,1.3203487489091494
1809,6217.150000000001,1.3174044087771426
1810,6231.4800000000005,1.2726078826168867
1811,6245.84,1.239440170428382
1812,6260.240000000001,1.2048438768688785
1813,6274.67,1.279289397281126
1814,6289.139999999999,1.2382993363223749
1815,6303.64,1.2380130893353747
1816,6318.17,1.2832856563201258
1817,6332.73,1.311882037276628
1818,6347.33,1.3114928368621313
1819,6361.96,1.2874694504193858
1820,6376.63,1.3188184826056415
1821,6391.33,1.3210963287636484
1822,6406.06,1.2733329888934062
1823,6420.83,1.3096370676521654
1824,6435.63,1.3093369603826759
1825,6450.47,1.3607012717421876
1826,6465.34,1.3464803970734502
1827,6480.240000000001,1.327019336376464
1828,6495.18,1.326619694308479
1829,6510.150000000001,1.3101098662122452
1830,6525.16,1.2912154567450127
1831,6540.200000000001,1.3067298612495315
1832,6555.28,1.3063236843830512
1833,6570.39,0.9885660214883223
1834,6585.530000000001,1.3109437725653443
1835,6600.72,1.247907246928618
1836,6606.93448,1.251946325396853
1837,6615.93,1.2579007026052336
1838,6631.18,1.2757795095230076
1839,6646.47,1.2860352142949918
1840,6661.79,1.2858050924576345
1841,6677.15,1.2934808684744874
1842,6692.54,1.2801888178819982
1843,6707.969999999999,1.2747116651437196
1844,6723.43,1.2038456857960989
1845,6738.929999999999,1.263946604302689
1846,6754.47,1.2407354206634895
1847,6770.040000000001,1.2687104104149476
1848,6785.639999999999,1.2842005735570639
1849,6801.29,1.2401143590169434
1850,6816.97,1.2577903178674807
1851,6832.68,1.2783284501086762
1852,6848.429999999999,1.2044984802040821
1853,6864.219999999999,1.2116894081536986
1854,6880.039999999999,1.2288905094939728
1855,6895.900000000001,1.228738508688458
1856,6911.8,1.2385944057371532
1857,6927.73,1.2282434761765064
1858,6943.700000000001,1.2664064444700704
1859,6959.71,1.2507123106178448
1860,6975.749999999999,1.3003143501562773
1861,6991.83,1.2948202875489203
1862,7007.95,1.2526261227957738
1863,7024.11,1.2370248558968377
1864,7040.3,1.2861447623885596
1865,7056.53,1.3320225667344923
1866,7072.8,1.2187142689346355
1867,7089.1,1.2592541445254364
1868,7105.44,1.215812917970448
1869,7121.82,1.2081195892696701
1870,7138.24,1.1476151584231027
1871,7154.6900000000005,1.1545029009671932
1872,7171.19,1.156619265829047
1873,7187.719999999999,1.1445348040815586
1874,7204.29,1.168003240188281
1875,7220.889999999999,1.2042458496856612
1876,7237.54,1.2265680815008044
1877,7254.2300000000005,1.2339232111701584
1878,7270.950000000001,1.2135425142301701
1879,7287.709999999999,1.2208027151443925
1880,7304.509999999999,1.2695228139128254
1881,7321.349999999999,1.264006810535469
1882,7338.2300000000005,1.2664017050123229
1883,7355.14,1.2928157728798348
1884,7372.1,1.26070246306511
1885,7389.09,1.295028326641043
1886,7406.13,1.2921718125347392
1887,7423.2,1.2496664718190935
1888,7440.31,1.2998120289576582
1889,7457.46,1.3159264839504334
1890,7474.650000000001,1.326792836797419
1891,7491.879999999999,1.3155480874986156
1892,7509.16,1.3291789605175752
1893,7526.469999999999,1.3486240069271929
1894,7543.82,1.3483359511910207
1895,7561.21,1.3229767933090593
1896,7578.639999999999,1.2898995332813086
1897,7585.77575,1.2843292523923653
1898,7596.110000000001,1.2763494389545735
1899,7613.62,1.257809838292264
1900,7631.17,1.2630034732652204
1901,7648.76,1.2708663438734427
1902,7666.389999999999,1.2112394501169312
1903,7684.07,1.2392096009045022
1904,7701.780000000001,1.2136131784185227
1905,7719.53,1.205933991567809
1906,7737.33,1.2158868492611778
1907,7755.17,1.1471049425898128
1908,7773.04,1.215683462644897
1909,7790.96,1.208095027244064
1910,7808.92,1.2028908274784968
1911,7826.920000000001,1.2488728633481956
1912,7844.97,1.197719943761977
1913,7863.05,1.233121450902208
1914,7881.18,1.2177140025865212
1915,7899.34,1.2355749809972842
1916,7917.56,1.192330812860946
1917,7935.8099999999995,1.1972230714510574
1918,7954.099999999999,1.1482615656764346
1919,7972.44,1.2045321044458945
1920,7990.82,1.2324908788506204
1921,8009.24,1.2043048888906125
1922,8027.7,1.25056413456587
1923,8046.21,1.2689874247852104
1924,8064.750000000001,1.2662521417310004
1925,8083.34,1.2217649032208726
1926,8101.98,1.1740327092548277
1927,8120.66,1.2422087509240485
1928,8139.38,1.2266010282285353
1929,8158.14,1.213659541168288
1930,8176.95,1.2135860986521234
1931,8195.789999999999,1.1734800828624081
1932,8214.69,1.2366009205255921
1933,8233.63,1.1981099938240418
1934,8252.61,1.2547473027577576
1935,8271.63,1.2705898473267396
1936,8290.699999999999,1.2129384364398037
1937,8309.81,1.2154332611881342
1938,8328.97,1.177606130480547
1939,8348.17,1.1849602354082256
1940,8367.41,1.2202435759711705
1941,8386.7,1.1847009610781978
1942,8406.04,1.1895733907293076
1943,8425.41,1.214845247106867
1944,8444.83,1.1121961480285087
1945,8464.3,1.159673093494233
1946,8483.810000000001,1.186660274595223
1947,8503.37,1.1401485002402958
1948,8522.97,1.1024099615206349
1949,8542.619999999999,1.149503467345056
1950,8562.31,1.1663822088047433
1951,8582.05,1.1638109948085131
1952,8601.84,1.1612388253563652
1953,8621.66,1.127501082630667
1954,8641.539999999999,1.170870193357868
1955,8661.46,1.1463735397203347
1956,8681.43,1.124734930626884
1957,8701.44,1.131691557168699
1958,8709.6359,1.1375331465232803
1959,8721.5,1.1460667973104586
1960,8741.609999999999,1.1879449947817398
1961,8761.76,1.1508986894135802
1962,8781.949999999999,1.1388258812059804
1963,8802.2,1.1558243187392199
1964,8822.49,1.1905522534330186
1965,8842.83,1.1855275595775168
1966,8863.210000000001,1.1930893628825743
1967,8883.640000000001,1.1080945376383313
1968,8904.119999999999,1.1268990838447879
1969,8924.65,1.1389360015019436
1970,8945.220000000001,1.1534554163196589
1971,8965.84,1.1151632025880733
1972,8986.51,1.1104213603071873
1973,9007.230000000001,1.1365638894770007
1974,9027.99,1.0781592158073734
1975,9048.8,1.1933303135884454
1976,9069.66,1.138927082820217
1977,9090.57,1.0964352235026877
1978,9111.53,1.1438327356358582
1979,9132.53,1.178265744929588
1980,9153.58,1.1128021256740168
1981,9174.68,1.1222608778691452
1982,9195.83,1.122280001514973
1983,9217.03,1.1010424966115
1984,9238.28,1.0918133631587266
1985,9259.57,1.1033687268665124
1986,9280.92,1.1366513363151376
1987,9302.32,1.0917723172144622
1988,9323.76,1.146311795274346
1989,9345.26,1.1438495190750693
1990,9366.8,1.1269917400363523
1991,9388.39,1.1414963324483343
1992,9410.03,1.1246392963110157
1993,9431.73,1.1487665059145364
1994,9453.470000000001,1.1342912126786164
1995,9475.26,1.153748290893396
1996,9497.1,1.153761740558875
1997,9519.0,1.134229435965193
1998,9540.94,1.1415796285320707
1999,9562.94,1.1367270668397873
2000,9584.98,1.1488420023080639
2001,9607.07,1.1367453092270394
2002,9629.22,1.1416138618868543
2003,9651.42,1.1222707859973684
2004,9673.67,1.124660081558582
2005,9695.960000000001,1.1367728742803551
2006,9718.32,1.1175217870331073
2007,9740.720000000001,1.108090196946419
2008,9763.17,1.11047697831043
2009,9785.68,1.0939880054152802
2010,9808.24,1.11991740397083
2011,9830.86,1.1103860482672188
2012,9853.52,1.115155189724167
2013,9876.23,1.1081027026318147
2014,9898.99,1.1057205869901618
2015,9921.81,1.098664717089348
2016,9944.68,1.1010462186392336
2017,9967.62,1.1009488402200982
2018,9990.59,1.0986570846713826
2019,10000.0,1.0986564677676867
2020,10013.62,1.0987219763917369
2021,10083.029999999999,1.0874148185311805
2022,10129.58,1.094587584149839
2023,10176.33,1.0831698106304468
2024,10223.3,1.0833793440591986
2025,10270.48,1.085877261392997
2026,10294.17,1.0791179504908708
2027,10509.72,1.047242644456539
2028,10705.11,1.006314183537736
2029,10904.130000000001,0.9752607872633093
2030,11106.86,0.933132839978039
2031,11287.33,0.9102215987578312
2032,11481.5362,0.8998431670493311
2033,11497.18,0.8990647913375233
2034,11710.92,0.873738652069006
2035,11901.21,0.8438541848078188
2036,12094.59,0.8254158217043011
2037,12291.11,0.81078686217848
2038,12490.82,0.7897021056503822
2039,12693.779999999999,0.7707767114240406
2040,12900.050000000001,0.7522864388034873
2041,13109.66,0.7373286674407387
2042,13182.5674,0.7290872586829955
2043,13292.029999999999,0.7170021494056417
2044,13508.009999999998,0.7047605171011551
2045,13695.91,0.6927782285743792
2046,13886.44,0.6696962206339504
2047,14112.08,0.644706794209354
2048,14308.4,0.6351145180540766
2049,14507.449999999999,0.637490684864855
2050,14709.27,0.6176340395935731
2051,14913.890000000001,0.6225095409541432
2052,15086.59,0.6248647707115984
2053,15135.6125,0.6263245290570193
2054,15296.47,0.6313188105462603
2055,15509.269999999999,0.6260629273487593
2056,15688.84,0.6182760550377855
2057,15907.1,0.6017904949687697
2058,16091.3,0.6030201334792036
2059,16315.15,0.598020882803637
2060,16504.08,0.5893930215700662
2061,16695.19,0.5821095300105061
2062,16888.5,0.572556706011874
2063,17084.06,0.5585623442914639
2064,17281.89,0.5394014427361932
2065,17378.0083,0.5315714210906056
2066,17482.01,0.523140833777027
2067,17684.420000000002,0.5043943782326954
2068,17889.21,0.4873918240065027
2069,18096.36,0.4682175652050192
2070,18305.91,0.4571554136151043
2071,18517.86,0.443739469236758
2072,18689.22,0.42737576414275746
2073,18905.63,0.4166110339992428
2074,19080.55,0.4093516779357357
2075,19301.5,0.39679638560077174
2076,19480.1,0.38393301392833645
2077,19705.68,0.373018385922357
2078,19888.0,0.3631590104278531
2079,19952.6231,0.36162928732397914
2080,20118.3,0.35764032823381364
2081,20304.43,0.34686814122912923
2082,20492.32,0.34227155955873667
2083,20681.940000000002,0.3345773865408016
2084,20921.41,0.32769729983789614
2085,21115.0,0.32279568771606265
2086,21310.38,0.31621597761035564
2087,21507.550000000003,0.31037006952077506
2088,21706.57,0.30241725681098997
2089,21907.43,0.29742904058705555
2090,22110.120000000003,0.29041972195502685
2091,22314.71,0.28361009317251795
2092,22521.170000000002,0.2785067575576941
2093,22677.29,0.2720554898245435
2094,22887.11,0.25030868257518607
2095,22908.6765,0.2500849803893043
2096,23098.89,0.24805137489271015
2097,23312.629999999997,0.22410095715320372
2098,23474.219999999998,0.21485211744361804
2099,23691.430000000004,0.2165511106961763
2100,23910.63,0.20367445002199364
2101,24076.38,0.19903762521932128
2102,24299.140000000003,0.19671153691740095
2103,24523.99,0.18747375177784809
2104,24693.969999999998,0.185065511844465
2105,24922.469999999998,0.1652932604573722
2106,25095.21,0.1632937361833835
2107,25327.43,0.16390888851112664
2108,25503.0,0.16287084985890832
2109,25679.77,0.16424379627599192
2110,25917.39,0.16221643141559372
2111,26097.030000000002,0.16191054629009105
2112,26277.940000000002,0.15924981619626627
2113,26302.679900000003,0.15909952491604604
2114,26521.07,0.1576696673731918
2115,26704.92,0.15569280320028384
2116,26890.02,0.15375299212927346
2117,27076.4,0.15184154711460612
2118,27326.95,0.14969397165895162
2119,27516.379999999997,0.14805529701291434
2120,27707.1,0.14582731940803534
2121,27899.15,0.14424247278357533
2122,28092.55,0.1422865991091647
2123,28287.260000000002,0.1405582844455427
2124,28483.36,0.13866858667123075
2125,28680.780000000002,0.13681205889252263
2126,28879.600000000002,0.13498947898793975
2127,29079.769999999997,0.13337636203340628
2128,29281.359999999997,0.1314406949226284
2129,29484.32,0.12971256273153023
2130,29688.71,0.12834918136900286
2131,29894.49,0.1265117868957856
2132,30101.69,0.1251907022663239
2133,30199.5172,0.12443131441327526
2134,30310.359999999997,0.12355000488268546
2135,30520.45,0.12238301492754189
2136,30732.03,0.12122683093016325
2137,30873.870000000003,0.1198588108290753
2138,31087.89,0.11858179732629162
2139,31303.37,0.11746519248010978
2140,31520.37,0.11607246089285596
2141,31665.85,0.11477865333288506
2142,31885.33,0.1137015486417769
2143,32106.370000000003,0.11236061361114746
2144,32328.91,0.11117341363867067
2145,32478.120000000003,0.11007950052330595
2146,32703.27,0.10878937575201471
2147,32929.94,0.10751666423965146
2148,33081.96,0.106468318333226
2149,33311.259999999995,0.10522705022282368
2150,33465.01,0.10408624868346757
2151,33696.990000000005,0.10287830947696461
2152,33930.56,0.10157040723210342
2153,34087.19,0.10036739660440036
2154,34323.46,0.09932154146421389
2155,34481.88,0.0982633298059063
2156,34673.685,0.09727031178861917
2157,34720.92,0.09702349903222561
2158,34881.17,0.09598994359166307
2159,35122.979999999996,0.09487879748194433
2160,35285.08,0.09367061684596811
2161,35529.65,0.09259067001228086
2162,35693.68,0.09161664314541362
2163,35941.07,0.09046677731114988
2164,36106.96,0.0896145638694343
2165,36273.65,0.08858798007294524
2166,36525.06,0.08748213970594475
2167,36693.69,0.08648666829913002
2168,36863.05,0.08550756619358447
2169,37118.549999999996,0.08444568163780458
2170,37289.91,0.08366255364532532
2171,37462.02,0.08264218219524597
2172,37721.67,0.08178147517407863
2173,37895.82,0.08086935231932688
2174,38070.72,0.080046936006975
2175,38334.6,0.0792118854849429
2176,38511.57,0.07833469362961465
2177,38689.32,0.07746994417838224
2178,38867.89,0.07669006161350703
2179,39137.33,0.07581725412579925
2180,39317.97,0.07505597601794764
2181,39499.44,0.07423560341701857
2182,39681.79,0.07349334942583866
2183,39810.7171,0.07288566081728193
2184,39864.94,0.07263462015453709
2185,40141.25,0.07189434490775898
2186,40326.560000000005,0.07125670149246294
2187,40512.689999999995,0.07050187354637771
2188,40699.68,0.06981858889726969
2189,40887.57,0.06920203537290526
2190,41076.28,0.06859129731775163
2191,41265.869999999995,0.06792815147345842
2192,41456.369999999995,0.06727358621085036
2193,41743.71,0.06657983197065195
2194,41936.38,0.06593821886437011
2195,42129.979999999996,0.06530326525365662
2196,42324.43,0.06478082548297875
2197,42519.780000000006,0.06415736683704445
2198,42716.07000000001,0.06364253714362014
2199,42913.23,0.06248813020411462
2200,43111.29,0.06132612438935268
2201,43310.27,0.06106962861321752
2202,43510.21,0.0600400307034755
2203,43711.03,0.05938792500459389
2204,43912.78,0.058787258801280634
2205,44115.51,0.05798538937824374
2206,44319.119999999995,0.05744377216606724
2207,44523.67,0.056905933906400696
2208,44729.219999999994,0.056257421340893704
2209,44935.66,0.05588535044318868
2210,45143.060000000005,0.05536166741187682
2211,45351.47,0.054842629531666104
2212,45456.009999999995,0.05454748239910419
2213,45665.810000000005,0.05410800903377522
2214,45708.818999999996,0.053968329048719836
2215,45876.58,0.05343496562067046
2216,46088.37,0.05319088781564642
2217,46301.090000000004,0.052738093105864504
2218,46514.79,0.05232247219536997
2219,46729.520000000004,0.052042135788208106
2220,46945.2,0.05152923275790647
2221,47053.42,0.05122521659349974
2222,47270.59,0.05094533454374729
2223,47488.81,0.05040895727894562
2224,47708.00000000001,0.05006607367262228
2225,47928.189999999995,0.049692664147204454
2226,48149.4,0.04916668898431023
2227,48260.439999999995,0.04908771252805702
2228,48483.19,0.04856687904975726
2229,48706.96,0.048139419933981124
2230,48931.82000000001,0.04771469616639197
2231,49044.61,0.04740236435172339
2232,49270.97,0.047094361705492485
2233,49498.38,0.04664710384421238
2234,49726.89,0.0463665214719283
2235,49956.4,0.04589527318054974
2236,50071.55,0.04564734459681812
2237,50302.66,0.04526029883488835
2238,50534.89,0.044822578843572755
2239,50651.37,0.04458001898744546
2240,50768.13,0.0443886430739717
2241,50885.15,0.04427327082153337
2242,51002.44,0.04403086237093954
2243,51120.01,0.04381580786299924
2244,51237.899999999994,0.04365001786094871
2245,51356.01,0.04345921095669737
2246,51474.39000000001,0.04324527785429052
2247,51593.03999999999,0.043054898553728176
2248,51711.96,0.042866163055010294
2249,51831.16,0.04267620149894596
2250,51950.700000000004,0.0424639747303895
2251,52070.45,0.04227538091882319
2252,52190.47,0.04206363090910136
2253,52310.78,0.041852551982842136
2254,52431.35,0.04166505271761834
2255,52480.746,0.04160700314748532
2256,52552.21,0.04153421950444887
2257,52673.35,0.04138801354737416
2258,52794.82,0.041219613955200934
2259,52916.52,0.04100622364765601
2260,53038.49,0.04081643945684866
2261,53160.75,0.04064919579883352
2262,53283.29,0.04050383496558327
2263,53406.11,0.04033669795709792
2264,53529.22,0.04016979448140477
2265,53652.670000000006,0.04000308707864041
2266,53776.34,0.03983658425247706
2267,53900.3,0.03967031195910591
2268,54024.53999999999,0.039504287490499654
2269,54149.07000000001,0.039338400554685606
2270,54273.89,0.03915206615166378
2271,54399.05,0.038966215821570734
2272,54524.45,0.038821530484133324
2273,54650.13,0.03854412097146079
2274,54776.100000000006,0.03837160599158048
2275,54902.369999999995,0.0381987502525197
2276,55028.92,0.0380254703382238
2277,55155.770000000004,0.03785174966474743
2278,55282.96,0.03767755906419987
2279,55410.39,0.03750307445630792
2280,55538.119999999995,0.03732814808923551
2281,55666.14000000001,0.03715422125495529
2282,55794.45,0.0369848219534673
2283,55923.06,0.036814980892798825
2284,56052.030000000006,0.03664474432111379
2285,56181.24,0.03647412274208438
2286,56310.74,0.03630316369584717
2287,56440.53999999999,0.0361318578904295
2288,56570.64,0.03596011332583135
2289,56701.04,0.03578793000205273
2290,56831.740000000005,0.03561893091909363
2291,56962.799999999996,0.035451732325117974
2292,57094.1,0.035284234723797936
2293,57225.71000000001,0.03511638707132474
2294,57357.62,0.03494809965967108
2295,57489.83,0.03477946848883694
2296,57622.350000000006,0.03461038826684964
2297,57755.17,0.03444096628568188
2298,57888.37,0.034271131209552184
2299,58021.799999999996,0.034106257418050796
2300,58155.549999999996,0.03394111228342357
2301,58289.600000000006,0.03377543438961586
2302,58423.96,0.03360950144465501
2303,58558.630000000005,0.03344312244854099
2304,58693.68,0.03327632735746506
2305,58828.97,0.03310914525904474
2306,58964.58,0.03294169981749858
2307,59100.5,0.03277580332479927
2308,59236.73,0.032612512780946804
2309,59373.27,0.03244887218594118
2310,59510.13,0.03228477324780973
2311,59647.37,0.03212026121471633
2312,59784.86,0.031955450882305884
2313,59922.67,0.0317902772067696
2314,60060.799999999996,0.03162464918810748
2315,60199.24,0.031458763118292196
2316,60255.9586,0.03139229044571078
2317,60338.01,0.031315237836171586
2318,60477.15,0.031185468443689423
2319,60616.560000000005,0.031055441049798814
2320,60756.29,0.03092512583942414
2321,60896.33,0.03079443677558051
2322,61036.700000000004,0.030663550932237677
2323,61177.4,0.030532372309395643
2324,61318.409999999996,0.030400818833084667
2325,61459.82,0.030269787836168585
2326,61601.49,0.0301419388008592
2327,61743.490000000005,0.030013797986050597
2328,61885.81,0.029885276354757937
2329,62028.47,0.029756548980950936
2330,62171.44,0.02962744975367499
2331,62314.82,0.029498104042778826
2332,62458.46,0.02936841429348934
2333,62602.43,0.02923843176470066
2334,62746.74,0.02911062849339765
2335,62891.37,0.028983969405610554
2336,63036.34,0.02885710757530914
2337,63181.649999999994,0.028729947002493393
2338,63327.35,0.02860236487208767
2339,63473.33,0.028474614777258385
2340,63619.64000000001,0.028346475902929897
2341,63766.28,0.028218143249102212
2342,63913.270000000004,0.02808950688974506
2343,64060.59,0.027964197750888715
2344,64208.26,0.027838583906502904
2345,64356.33,0.027712639541512003
2346,64504.68,0.02758643021209753
2347,64653.369999999995,0.027460020140168732
2348,64802.4,0.0273332163257256
2349,64951.77,0.027206208768768142
2350,65101.490000000005,0.027078802506281217
2351,65251.62,0.02695248676017408
2352,65402.03,0.026827909049643377
2353,65552.8,0.026703116670568083
2354,65703.9,0.026577937511993593
2355,65855.35,0.026452550647889636
2356,66007.15,0.02632685807825623
2357,66159.3,0.026200863803093354
2358,66311.87,0.02607442608129514
2359,66464.73,0.02594791243205823
2360,66617.94,0.025823571077291857
2361,66771.5,0.02569949901699603
2362,66925.41,0.025575218251170748
2363,67000.0,0.02551497744168317
2364,67079.68000000001,0.025459591759268527
2365,67234.37,0.025351968274351683
2366,67389.36,0.025244289656294515
2367,67544.69,0.025136261554011656
2368,67700.37999999999,0.025028056291960435
2369,67856.44,0.024920149032369478
2370,68012.85,0.0248142654507815
2371,68169.62,0.024708206709425147
2372,68326.84000000001,0.02460183426835831
2373,68484.33,0.024495238207465207
2374,68642.19,0.02438846214903238
2375,68800.42,0.02428141109305983
2376,68959.01000000001,0.024174091877318907
2377,69117.97,0.02406649666403826
2378,69242.2916,0.023983677673507262
2379,69277.37,0.023962341258376846
2380,69437.05,0.02386622106627843
2381,69597.11,0.023769843047695825
2382,69757.54000000001,0.023673307461220695
2383,69918.34,0.023576518306853065
2384,70079.5,0.023479482843184605
2385,70241.04000000001,0.023382283553031936
2386,70403.03,0.023284798626253253
2387,70565.31,0.023187093200315565
2388,70727.97,0.023091705947893677
2389,70891.0,0.022996064127579274
2390,71054.41,0.022900261480780667
2391,71218.2,0.022804201007497867
2392,71382.36,0.022707887966322546
2393,71546.98,0.022611284029929513
2394,71559.6261,0.022603866700125905
2395,71711.90000000001,0.022541295084150377
2396,71877.2,0.02247333490475997
2397,72042.89,0.022406231130572447
2398,72208.95,0.02234027376644921
2399,72375.39,0.022274222309959554
2400,72542.3,0.022207955239227226
2401,72709.52,0.02214151659314335
2402,72877.12,0.022074984854693065
2403,73045.11,0.022008352521445663
2404,73213.48000000001,0.021941437095831847
2405,73382.24,0.021874422075420924
2406,73551.4,0.021809022957782195
2407,73721.01,0.021743894230762187
2408,73890.95,0.021678489923529238
2409,73954.515,0.0216540811428192
2410,74061.27,0.021637917077440453
2411,74231.99,0.02161202539879816
2412,74403.1,0.02158603083329627
2413,74574.61,0.02156003020434864
2414,74746.58,0.021533926452438405
2415,74918.88,0.02150819687318543
2416,75091.57,0.021483891407072866
2417,75264.67,0.02145967370092841
2418,75438.16,0.02143535410792436
2419,75612.05,0.02141093145147457
2420,75786.34,0.02138650173157904
2421,75961.11,0.021361968535548614
2422,76136.21,0.02133742851217546
2423,76311.71,0.021312788425356558
2424,76429.5536,0.02129704200766983
2425,76487.62,0.021307483251297984
2426,76663.92,0.02133989796421758
2427,76840.64,0.02137233990401991
2428,77017.76,0.02140490315513913
2429,77195.38,0.02143751629540446
2430,77373.32,0.021470225084723314
2431,77551.67,0.021502960143141972
2432,77730.43000000001,0.021535816470660444
2433,77909.61,0.02156870102506165
2434,78089.2,0.021603422848562672
2435,78269.28,0.021638194603426877
2436,78449.69,0.021673063965127533
2437,78630.53,0.021708060511493835
2438,78811.77,0.02174308036917703
2439,78987.42450000001,0.02177706266986586
2440,78993.45,0.021779138336752477
2441,79175.53,0.02184180926203308
2442,79358.03,0.021904571842347828
2443,79541.05,0.02196832975746676
2444,79724.4,0.022032996115826813
2445,79908.17,0.02209785112922101
2446,80092.36,0.022162893797649363
2447,80276.98,0.022228033589088862
2448,80462.01999999999,0.02229336103556251
2449,80647.57999999999,0.022358920816840346
2450,80833.48000000001,0.02242453650933631
2451,81019.81,0.022490249324843413
2452,81206.56,0.022557388795384672
2453,81393.75,0.022625010856914082
2454,81581.37,0.02269273004145465
2455,81630.8998,0.022710591930046917
2456,81769.42,0.022769455313178182
2457,81958.0,0.022849635997275214
2458,82146.91,0.022929986348652714
2459,82336.26,0.023010561589737515
2460,82526.06,0.023091269831659333
2461,82716.29000000001,0.023172389852158738
2462,82906.96,0.02325487876236544
2463,83098.15000000001,0.023337632451317137
2464,83289.7,0.023420476140938437
2465,83481.69,0.023503448720267044
2466,83674.11,0.023586641078173237
2467,83867.0,0.02367007365917586
2468,84060.31,0.023753720907626365
2469,84254.07999999999,0.023837508268043588
2470,84362.84430000001,0.023884988531290265
2471,84448.38,0.023895177068434602
2472,84643.04000000001,0.023918867730931725
2473,84838.15,0.023942645551541065
2474,85033.70999999999,0.023966415530262623
2475,85229.71,0.02399027073024946
2476,85426.17,0.02401411902519544
2477,85623.09000000001,0.024038151415100583
2478,85820.55,0.024062194394740378
2479,86018.37,0.02408621110086994
2480,86216.65999999999,0.0241115568388056
2481,86415.39,0.024136893798006535
2482,86614.58,0.02416241585216663
2483,86814.23000000001,0.02418783500128587
2484,87014.44,0.02421345861383364
2485,87186.21900000001,0.024235382125710008
2486,87215.01999999999,0.024236590285469328
2487,87416.05,0.024245053925773623
2488,87617.55,0.02425347232935176
2489,87819.52,0.02426241749620376
2490,88021.95,0.024272080346259956
2491,88224.84,0.02428169787952035
2492,88428.31,0.02429137705682082
2493,88632.14,0.024301097116628926
2494,88836.45,0.02431077201978054
2495,89041.21999999999,0.024320496606136346
2496,89246.45999999999,0.02433027195576602
2497,89452.18000000001,0.024340005148739196
2498,89658.48,0.02435065698575245
2499,89865.14,0.02436153970527334
2500,90072.29000000001,0.024372379348207397
2501,90104.0836,0.024374061736245213
2502,90279.91,0.024366822263498445
2503,90488.02,0.024358183541043677
2504,90696.6,0.02434945835960302
2505,90905.66,0.024340833858346986
2506,91115.3,0.0243321224289807
2507,91325.33,0.024323511427264424
2508,91535.84000000001,0.024315765105732766
2509,91746.84,0.02430793060355625
2510,91958.31999999999,0.024300197781564347
2511,92170.29000000001,0.024292281778927585
2512,92382.84999999999,0.024284468987351086
2513,92595.8,0.024276565623424597
2514,92809.24,0.024268669078853236
2515,93023.17,0.024260780353637015
2516,93119.6005,0.024257493106251592
2517,93237.6,0.02421019975417764
2518,93452.52,0.024124273884938548
2519,93667.93,0.02403827215032664
2520,93883.94,0.023951962743829634
2521,94100.35,0.02386551222274257
2522,94317.26,0.023778885308417933
2523,94534.67,0.023691986000855716
2524,94752.58,0.023605007300055932
2525,94970.99,0.023517755206018568
2526,95189.91,0.023431087190878882
2527,95409.43000000001,0.0233443015038541
2528,95629.36,0.023257277174374515
2529,95849.79000000001,0.02317007545165735
2530,96070.73,0.023082598807837862
2531,96236.03790000001,0.023017235888813523
2532,96292.18,0.022987947766984304
2533,96514.14000000001,0.022872082759087798
2534,96736.72,0.022755920731616176
2535,96959.70000000001,0.022639853078612198
2536,97183.2,0.022524012312416197
2537,97407.21,0.022407833223666438
2538,97631.75,0.02229149423108634
2539,97856.79,0.02217482170659081
2540,98082.36000000002,0.022057798278264918
2541,98308.56000000001,0.021940569039725594
2542,98535.16,0.02182314917565394
2543,98762.29000000001,0.02170537940775192
2544,98989.95,0.021587926736019555
2545,99218.13,0.021470320951095134
2546,99446.83,0.02135256205297868
2547,99456.7731,0.021347439128061998
2548,99676.17000000001,0.02124786205226545
2549,99905.93000000001,0.021143596691706314
2550,100136.22,0.02103901494643663
2551,100367.04999999999,0.02093430263938638
2552,100598.4,0.020829278124695583
2553,100830.29,0.02072421804822423
2554,101062.7,0.02061941776411233
2555,101295.76999999999,0.020514246793379747
2556,101529.27,0.020408991208636713
2557,101763.3,0.020303419239183128
2558,101997.87000000001,0.02019771670794898
2559,102232.98,0.02009169361493428
2560,102468.64,0.019985439783069
2561,102704.84,0.019878866389423155
2562,102785.297,0.019842733297405074
2563,102941.69,0.019765693382745045
2564,103178.98,0.019649007044090467
2565,103416.81,0.019532072650174925
2566,103655.2,0.019414783976729494
2567,103894.12999999999,0.019297342248023108
2568,104133.61,0.01917955085192129
2569,104373.76000000001,0.019061451442810497
2570,104614.34999999999,0.018943148099783386
2571,104855.5,0.018824586477226374
2572,105097.19,0.018706253799408407
2573,105339.45,0.018587752229926088
2574,105582.27,0.018468992380913884
2575,105825.64,0.018349883864506256
2576,106069.68999999999,0.018230461722955203
2577,106225.216,0.018154365498848992
2578,106314.18999999999,0.01811979822283523
2579,106559.25,0.018024605716223534
2580,106804.88,0.017929111758625268
2581,107051.06999999999,0.017833702954443715
2582,107297.82999999999,0.017738373699275587
2583,107545.28,0.01764279644028161
2584,107793.18,0.017547056683140345
2585,108041.65,0.017451111775012507
2586,108290.69,0.017354866115898097
2587,108540.31000000001,0.01725850640139385
2588,108790.5,0.01716184613590304
2589,109041.27,0.017064976515022378
2590,109292.73999999999,0.016968236185912602
2591,109544.67,0.016871444354252255
2592,109780.26,0.016780925409461342
2593,109797.18000000001,0.0167747812220384
2594,110050.27,0.016682871027738338
2595,110303.93999999999,0.01659076391066103
2596,110558.20000000001,0.016498437577310295
2597,110813.15999999999,0.01640585469922842
2598,111068.59999999999,0.016313099233330873
2599,111324.62000000001,0.01622023284465608
2600,111581.23,0.016127528439707883
2601,111838.43,0.016034623818486273
2602,112096.23000000001,0.015941496487495092
2603,112354.62,0.015848159440230512
2604,112613.73000000001,0.01575455906124244
2605,112873.31,0.01566078948793488
2606,113133.49,0.015566797404857748
2607,113394.27,0.01547260171201105
2608,113454.28,0.015450985529927486
2609,113655.65,0.015386211498450451
2610,113917.64,0.015302122353812406
2611,114180.23,0.015217843325160534
2612,114443.55,0.015133325407625166
2613,114707.34,0.015048666310945638
2614,114971.75,0.014963801714118484
2615,115236.76999999999,0.01487873432521061
2616,115502.40000000001,0.014793483644222
2617,115768.64,0.014708030371152675
2618,116035.62,0.01462276440113296
2619,116303.09999999999,0.014537338227768388
2620,116571.18000000001,0.014451722370389981
2621,116839.89,0.014365897804797063
2622,117109.21,0.014279889647123418
2623,117251.259,0.014234522019145095
2624,117379.16,0.014199854995249974
2625,117649.72,0.014126522883915
2626,117921.04000000001,0.014052979593615593
2627,118192.86,0.013979472067155389
2628,118465.29999999999,0.013906027507855787
2629,118738.37999999999,0.013832411466270348
2630,119012.06999999999,0.013758622716568728
2631,119286.4,0.013684672284581277
2632,119561.49999999999,0.01361050804890619
2633,119837.1,0.013536208477070289
2634,120113.33,0.013461740247671779
2635,120390.20000000001,0.013387100735987433
2636,120667.70999999999,0.013312595242017267
2637,120945.86,0.013237975865761262
2638,121175.312,0.013176428824575561
2639,121224.64000000001,0.013165235716828264
2640,121504.20999999999,0.013101791323325018
2641,121784.28,0.013038241455200912
2642,122065.01,0.012974533028577286
2643,122346.38,0.012910689566438963
2644,122628.39,0.012846692168785954
2645,122911.06,0.01278262161263342
2646,123194.51000000001,0.012718644160072352
2647,123478.48000000001,0.0126545566099056
2648,123763.11,0.012590320401239329
2649,124048.39000000001,0.012525927645565942
2650,124334.34,0.01246139351990062
2651,124620.93,0.012396714958720606
2652,124908.19,0.012331875627548646
2653,125196.25,0.012266867376983326
2654,125230.691,0.012259117387039224
2655,125484.84,0.01220447448106857
2656,125774.09,0.012142418095965763
2657,126064.01,0.012080217253455807
2658,126354.59000000001,0.012017874164843277
2659,126645.85,0.011955375207519015
2660,126937.78,0.011892751092787602
2661,127230.51999999999,0.011829935362384853
2662,127523.8,0.011767020721534547
2663,127817.75,0.011703952123277088
2664,128112.37,0.011641044367612478
2665,128407.68000000001,0.011577988231931544
2666,128703.67,0.011514795127538878
2667,129000.48,0.01145141839617029
2668,129297.83,0.011387932954354148
2669,129421.79100000001,0.011361466351566017
2670,129595.89,0.011331456657005235
2671,129894.61,0.011279964730617853
2672,130194.03,0.011228351208152297
2673,130494.12999999999,0.01117673378949652
2674,130794.92,0.011125168074706544
2675,131096.56,0.011073466364678793
2676,131398.77,0.011021654157844528
2677,131701.62,0.010969739854595937
2678,132005.22,0.010917695855549303
2679,132309.5,0.01086553356031245
2680,132614.47,0.010813251368941398
2681,132920.31,0.010760820482444618
2682,133226.7,0.010708511199029276
2683,133533.8,0.010656136019591795
2684,133753.155,0.01061872404093955
2685,133841.61000000002,0.010607826144533197
2686,134150.11,0.010569825592539384
2687,134459.34,0.010531723611424156
2688,134769.3,0.010493539301187519
2689,135080.08000000002,0.010455253223992579
2690,135391.44999999998,0.010416891087644724
2691,135703.55,0.010378494522175454
2692,136016.34,0.010340210733290054
2693,136329.88,0.0103018329624306
2694,136644.13,0.010263365715302382
2695,136959.09,0.01022481849190539
2696,137274.94999999998,0.010186160290139534
2697,137591.38,0.010147428482073395
2698,137908.55000000002,0.010108613118459528
2699,138226.42,0.01006970960500321
2700,138229.477,0.010069336814470566
2701,138545.05,0.010037551095111643
2702,138864.41,0.010005476626473855
2703,139184.66,0.00997331109409895
2704,139505.47,0.009941084966563603
2705,139827.05,0.00990878844568266
2706,140149.36000000002,0.009876425088253283
2707,140472.42,0.0098439741658769
2708,140796.2,0.00981145742115138
2709,141120.77,0.009778858854681674
2710,141446.2,0.009746401067072724
2711,141772.23,0.009713878827506163
2712,142099.05,0.009681274766195415
2713,142426.59,0.009648604882535532
2714,142754.91,0.009615854091330756
2715,142855.609,0.009605810996179815
2716,143083.95,0.00959875302518734
2717,143413.94,0.009588541803747878
2718,143744.52,0.009578317350726706
2719,144075.84,0.009568152376738637
2720,144407.94999999998,0.009558093551988616
2721,144740.84,0.009548007302435654
2722,145074.47,0.009537895131915794
2723,145408.88,0.009527765136592996
2724,145744.2,0.0095176050790001
2725,146080.17,0.009507420834071419
2726,146416.88999999998,0.00949721964221683
2727,146754.39,0.0094870008255593
2728,147092.67,0.00947690728409883
2729,147431.72,0.009466825043794428
2730,147636.563,0.009460737811600143
2731,147771.72999999998,0.009457385602054098
2732,148112.36,0.009448932621642673
2733,148453.77,0.009440465850964034
2734,148795.95,0.009431975966816478
2735,149138.94,0.009423471762006818
2736,149482.73,0.009414943813333347
2737,149827.3,0.009406430774392663
2738,150172.81,0.009398044016412005
2739,150518.97,0.009389636366542001
2740,150865.94,0.009381214296009893
2741,151213.7,0.00937277825841227
2742,151562.25,0.00936431875374914
2743,151911.59,0.009355835782020499
2744,152261.78,0.009347337682436556
2745,152577.522,0.009339672621038254
2746,152612.91999999998,0.009339059297492236
2747,152964.69999999998,0.009333063702107295
2748,153317.30000000002,0.009327126008131712
2749,153670.7,0.009321179830165262
2750,154024.94,0.009315215039008399
2751,154379.95,0.009309242185760324
2752,154735.98,0.00930324858792389
2753,155092.66999999998,0.009297238408294991
2754,155450.16999999998,0.009291229137375337
2755,155808.47999999998,0.009285192175164927
2756,156167.66,0.009279307777864445
2757,156527.61,0.009273415218472752
2758,156888.44,0.009267503616691104
2759,157250.23,0.009261572314120411
2760,157612.69999999998,0.009255633615157481
2761,157683.84,0.009254469011328412
2762,157976.03,0.009248369906775692
2763,158340.16,0.009240764156258099
2764,158705.16,0.009233135552891389
2765,159070.97,0.009225561410665151
2766,159437.81,0.009218047878284206
2767,159805.33,0.009210523787354524
2768,160173.69999999998,0.00920298694823892
2769,160542.91,0.009195427713268992
2770,160912.97,0.00918785553011314
2771,161283.88,0.009180260898771367
2772,161655.65999999997,0.009172652914580475
2773,162028.46999999997,0.009165019740234877
2774,162401.95,0.009157490759672137
2775,162776.3,0.009149977226260278
2776,162961.05099999998,0.009146266407612012
2777,163151.52000000002,0.009140911743515558
2778,163527.58000000002,0.009130334226746452
2779,163904.53,0.009119735907959253
2780,164282.52000000002,0.009109113498049786
2781,164661.2,0.009098465438261122
2782,165040.77,0.009087796676454365
2783,165421.19,0.00907712724305729
2784,165802.5,0.009066541907642126
2785,166184.69,0.009055936202815808
2786,166567.75,0.009045300661185288
2787,166951.88999999998,0.009034639998004721
2788,167336.71999999997,0.009023953684944958
2789,167722.44,0.0090132467698671
2790,168109.05000000002,0.009002519152771147
2791,168414.875,0.008994028760910107
2792,168496.56,0.008991848512957304
2793,168884.94999999998,0.008981562387186816
2794,169274.23,0.008971304012885383
2795,169664.63,0.008961011186500056
2796,170055.69999999998,0.008950703693243115
2797,170447.7,0.008940365963880795
2798,170840.59,0.00893000848598753
2799,171234.41,0.00891963027198889
2800,171629.11000000002,0.008909223131352905
2801,172024.91999999998,0.008898791360526632
2802,172421.44,0.008888458135254322
2803,172818.88999999998,0.008878104373876637
2804,173217.22999999998,0.008867721263968002
2805,173616.52,0.00885731707416678
2806,174016.72999999998,0.00884689247015379
2807,174051.222,0.00884599350992966
2808,174417.84,0.00883020330584216
2809,174820.08000000002,0.008812883142493996
2810,175223.05,0.00879553446576764
2811,175626.95,0.008778177936381392
2812,176031.8,0.00876086037040709
2813,176437.55,0.00874349812766515
2814,176844.27,0.008726097664406983
2815,177252.09,0.008708654185099484
2816,177660.66999999998,0.008691171416521537
2817,178070.19,0.008673651803319617
2818,178480.66,0.008656085353529639
2819,178892.06000000003,0.00863848245107977
2820,179304.41999999998,0.00862092772007776
2821,179717.72999999998,0.008603345352487692
2822,179876.201,0.008596609037480158
2823,180132.19,0.008585683783882834
2824,180547.41,0.008567946190171738
2825,180963.58,0.00855018069797544
2826,181380.69999999998,0.00853236840729394
2827,181798.81000000003,0.008514517043454177
2828,182217.88,0.008496627887460946
2829,182637.88999999998,0.008478711226650781
2830,183059.08,0.00846082451298531
2831,183481.05000000002,0.008442906993195146
2832,183903.98,0.008424951681251519
2833,184327.91,0.00840695700248136
2834,184752.78,0.008388915818894265
2835,185178.66,0.008370834874812378
2836,185605.69999999998,0.008352698665211718
2837,185896.125,0.008340366211196633
2838,186033.55000000002,0.00833328564430007
2839,186462.38,0.008311251112815225
2840,186892.19,0.008289207223370686
2841,187322.98,0.008267106475966452
2842,187754.77,0.008244957202072738
2843,188187.56,0.008222750101689541
2844,188621.55000000002,0.008200494289518964
2845,189056.34,0.008178190236156803
2846,189492.13,0.008155828256305156
2847,189928.91,0.008133427834228922
2848,190366.7,0.00811105480139831
2849,190805.52999999997,0.008088631305018641
2850,191245.55000000002,0.00806615018111648
2851,191686.38999999998,0.00804362944749295
2852,192117.51799999998,0.008021598088426311
2853,192128.23,0.008020992430722594
2854,192571.11,0.007995954827112572
2855,193015.0,0.00797086271991547
2856,193459.91,0.00794570617048191
2857,193905.84,0.007920532778811894
2858,194353.02,0.007895339755969748
2859,194801.02,0.007870093063878685
2860,195250.05,0.007844790790901788
2861,195700.13,0.007819431959740301
2862,196151.22,0.007794018824991736
2863,196603.38,0.0077685384547598255
2864,197056.77000000002,0.007742991830654542
2865,197511.0,0.007717399960001588
2866,197966.27000000002,0.007691809369813422
2867,198422.61000000002,0.007666180044141915
2868,198547.123,0.007659185132492542
2869,198879.98,0.007639674810109159
2870,199338.41999999998,0.0076128058495415155
2871,199797.90999999997,0.00758587777239679
2872,200258.67,0.007558878292344549
2873,200720.27,0.0075318219190306495
2874,201182.95,0.007504704740094607
2875,201646.69,0.00747754698156647
2876,202111.52,0.007450375454401173
2877,202577.39,0.007423145473673816
2878,203044.34,0.007395854587324323
2879,203512.59,0.0073684906090222555
2880,203981.7,0.007341068611428485
2881,204451.91,0.007313594182182536
2882,204923.18999999997,0.0072860500103294696
2883,205191.907,0.007270340612522189
2884,205395.53000000003,0.0072600709440872905
2885,205868.98,0.00723624262396244
2886,206343.77000000002,0.007212378214711033
2887,206819.40999999997,0.007188463271312187
2888,207296.13,0.0071645056904083545
2889,207773.94999999998,0.007140485506490188
2890,208252.91,0.007116410288538979
2891,208732.94,0.0070922739158374645
2892,209214.08,0.007068083957366937
2893,209696.56,0.007043829209769856
2894,210179.94,0.007019597814251954
2895,210664.41,0.006995313798474391
2896,211149.99999999997,0.006970966214173141
2897,211636.71999999997,0.0069465734785935295
2898,212059.073,0.006925400243164614
2899,212124.56,0.006921964636408774
2900,212613.77,0.006896292436912111
2901,213103.84,0.006870586316012435
2902,213595.06,0.006844812397887803
2903,214087.41,0.006819009894663865
2904,214580.91,0.006793187394214971
2905,215075.53000000003,0.006767298614729597
2906,215571.28,0.006741352650144917
2907,216068.44,0.006715335330701812
2908,216566.48,0.006689273477730045
2909,217065.68999999997,0.00666314291540767
2910,217566.02999999997,0.00663696466798599
2911,218067.55,0.006610717205150873
2912,218570.19999999998,0.006584460257216453
2913,219074.27,0.00655814084836078
2914,219156.062,0.006553870425380365
2915,219579.23,0.006534240142701525
2916,220085.38999999998,0.006510752380825815
2917,220592.7,0.006487222516912888
2918,221101.19,0.006463630407431341
2919,221610.83000000002,0.0064399866959125775
2920,222121.67,0.006416289343137589
2921,222633.90999999997,0.006392529192230339
2922,223147.09,0.006368784244005711
2923,223661.47,0.006344975954524859
2924,224177.03,0.006321114819475385
2925,224693.77000000002,0.006297191338857291
2926,225211.7,0.006273223964826773
2927,225730.84000000003,0.0062491930016962275
2928,226251.42,0.006225107049058214
2929,226490.56699999998,0.006214038597080987
2930,226772.95,0.006201390325417382
2931,227295.66999999998,0.006178007456036606
2932,227819.59,0.006154591635624195
2933,228344.72999999998,0.00613112299832962
2934,228871.09,0.0061076016441528784
2935,229398.91,0.006084016982887649
2936,229927.69,0.00606038126079711
2937,230457.69,0.006036702221824407
2938,230988.90999999997,0.006012960865969542
2939,231521.34,0.005989167126157774
2940,232055.03,0.005965366537762789
2941,232589.94,0.005941513032485642
2942,233126.31,0.005917596420120004
2943,233663.7,0.005893635649377473
2944,234070.535,0.005875489905953518
2945,234202.3,0.005869805836277234
2946,234742.15999999997,0.0058465286422477135
2947,235283.27000000002,0.005823189562917304
2948,235825.61,0.005799799034850825
2949,236369.45,0.00577635536442328
2950,236914.30000000002,0.005752907547472618
2951,237460.41,0.005729406926938662
2952,238007.77,0.005705844621103821
2953,238556.40999999997,0.00568222877512087
2954,239106.28,0.005658561380401846
2955,239657.44,0.005634840127252305
2956,240210.13,0.00561105487689448
2957,240763.83,0.005587217780013539
2958,241318.81,0.005563374842984487
2959,241875.06,0.005539478784089736
2960,241904.18300000002,0.005538227257259384
2961,242432.59,0.005517071013538341
2962,242991.43999999997,0.005494707011828608
2963,243551.55,0.005472294005956479
2964,244113.2,0.005449811506108091
2965,244675.91999999998,0.005427287491613861
2966,245239.90999999997,0.005404713984035313
2967,245805.2,0.005382099516606672
2968,246371.81000000003,0.005359462311484094
2969,246939.7,0.005336784824355277
2970,247509.19,0.0053140261097186555
2971,248079.72,0.005291236347201963
2972,248651.56,0.005268395735913256
2973,249224.7,0.00524550456477446
2974,249799.2,0.00522255100025403
2975,250000.0,0.0052145417768261855
2976,255617.91,0.005010866326420592
2977,261571.86,0.0047955141378135694
2978,267664.81,0.004575537169247631
2979,273899.34,0.004350854049181095
2980,275422.87,0.004296034535540445
2981,280279.44,0.004157046542992083
2982,286807.81,0.0039705689525663095
2983,293488.59,0.0037800683108169435
2984,300324.66,0.0035854795945813875
2985,307320.25,0.0033866447298395684
2986,314478.5,0.00318346089022671
2987,316227.766,0.003133870519084329
2988,321803.81,0.003017159353915546
2989,329299.41,0.0028605150949666306
2990,336969.93999999994,0.00270044678121109
