,lambda (Angstroms),Total Flux (erg/s/cm^2/Angstrom)
0,100.03,0.19586936748308545
1,101.89,0.19532450951386915
2,104.03,0.1946976298338829
3,104.712855,0.19449759812802905
4,105.96,0.19257856369277346
5,107.93,0.189547241953592
6,109.94,0.1864543711615313
7,114.05999999999999,0.1801147545214235
8,118.07,0.17394439963105732
9,120.22644299999999,0.1706261961441145
10,121.1,0.16949924572337233
11,125.07000000000001,0.1643776573110585
12,127.10000000000001,0.16175881009898155
13,127.98,0.16062354663057316
14,130.96,0.15677913102763
15,131.87,0.15560516735534824
16,134.01,0.152844413010489
17,137.13,0.14881939135933023
18,138.038426,0.1476474571387689
19,140.0,0.1458386484218598
20,142.94,0.14312763368412457
21,146.94,0.13943917769523748
22,151.06,0.13564005323027015
23,154.93,0.1320714646082033
24,158.489319,0.1287893630137621
25,158.91,0.12849609207614845
26,161.85999999999999,0.12643955147601707
27,166.01000000000002,0.12354645495141184
28,169.88,0.12084856284064385
29,173.04,0.11864563468030956
30,177.07,0.11583621067009169
31,179.95000000000002,0.11382849084409458
32,181.970086,0.11242023897605467
33,182.03,0.11238837458929711
34,185.84,0.11036209232949547
35,191.05,0.10759124346021423
36,194.15,0.10594257185808797
37,198.22,0.10377803218296157
38,201.9,0.10182092432067232
39,205.18,0.10007653647530582
40,208.929613,0.0980823986408108
41,209.96,0.09767042244747205
42,215.85,0.09531552287094702
43,219.85999999999999,0.09371226426979501
44,222.92,0.09248882437098575
45,227.06,0.09083361025830261
46,230.22,0.08957145995393094
47,233.96,0.0880781467884974
48,239.88329199999998,0.08571124186242908
49,239.96,0.0856876257960685
50,246.11999999999998,0.08378984832676768
51,251.85,0.08202499955460793
52,257.12,0.08040033377008757
53,260.09999999999997,0.07948339281259788
54,263.71999999999997,0.0783685891874795
55,269.24,0.0766681356298073
56,274.25,0.07512482700060483
57,275.42287,0.07476352803856245
58,278.7,0.07398883891707707
59,283.89,0.07276196395227998
60,289.83,0.07135736439303245
61,295.90000000000003,0.06992264906834683
62,300.71,0.06878522081713798
63,307.71,0.06713060117893381
64,316.227766,0.06511719644648419
65,317.79,0.06484142284362197
66,328.20000000000005,0.06300344921374565
67,338.18,0.061241358500502066
68,347.65,0.05956927108117172
69,357.39,0.05784947783976966
70,363.078055,0.05684520207984431
71,365.72,0.05649591833703106
72,375.1,0.05525561193742032
73,384.71999999999997,0.053983178169951726
74,394.59000000000003,0.052678431668047865
75,404.71,0.05134027475170878
76,414.14,0.050093227179210977
77,416.86938299999997,0.04973227719690502
78,421.84,0.04923032074345478
79,429.68,0.04843851337849662
80,440.7,0.047325748654129425
81,450.96999999999997,0.046288572366792666
82,460.40999999999997,0.04533514960816958
83,470.04999999999995,0.04436161597033839
84,478.630092,0.04349511886459134
85,479.89,0.04339726852949956
86,489.94000000000005,0.042616598658125
87,500.20000000000005,0.04181984669725903
88,505.99,0.04137294090413876
89,511.85,0.04093036842452136
90,520.17,0.04028417124943317
91,529.84,0.03953334781475734
92,539.69,0.03876704612480317
93,549.5408739999999,0.038006453950635954
94,549.72,0.03799592368939985
95,559.94,0.03739484159530545
96,570.35,0.0367807780873776
97,579.62,0.0362303124124505
98,590.4,0.035596060077583806
99,599.99,0.035027717819358234
100,609.74,0.03445419233948344
101,619.65,0.03387366046795943
102,629.71,0.03328010156551426
103,630.957344,0.03320638149045061
104,639.9499999999999,0.03278535757563171
105,650.3399999999999,0.03230182579149389
106,657.87,0.03195005143494357
107,665.49,0.031596037611860785
108,674.7499999999999,0.031163703059741806
109,685.7099999999999,0.030647696634231652
110,695.25,0.030212217531789414
111,704.93,0.029753926139185555
112,716.3799999999999,0.02923019879810972
113,724.43596,0.028854423256506865
114,726.35,0.02878831560214573
115,734.76,0.028498996395120272
116,744.9799999999999,0.02815014439324154
117,755.34,0.02779408607352884
118,765.85,0.02743244709899405
119,774.72,0.02713159189051417
120,785.4899999999999,0.026764705654287752
121,794.59,0.02645277439508065
122,805.64,0.02607268492318632
123,814.97,0.02575239231325201
124,824.41,0.025434237696448172
125,831.763771,0.025168129775892632
126,835.88,0.02505542702540409
127,845.5600000000001,0.024828300302467157
128,855.35,0.024579904187224125
129,865.25,0.02433253267967499
130,875.27,0.024081664507791933
131,885.41,0.023829226871574943
132,895.6600000000001,0.023571928543051842
133,906.0300000000001,0.02330644805019482
134,914.41,0.023192231790875456
135,925.0,0.02450576741340623
136,935.71,0.026347067671603074
137,944.3699999999999,0.03002302069550454
138,954.992586,0.03258523582432922
139,955.3100000000001,0.032661976224271146
140,964.15,0.034972029715782074
141,975.3100000000001,0.02486923062587959
142,984.3399999999999,0.035921311332705805
143,995.7299999999999,0.03556208929292182
144,1004.95,0.03828061121506331
145,1014.25,0.035859442806811234
146,1025.99,0.026170448321555392
147,1035.48,0.0322868001286186
148,1045.06,0.040268680563989044
149,1054.73,0.040311155627666725
150,1064.49,0.03759950531965165
151,1074.34,0.03961740963994381
152,1084.28,0.03692475858854321
153,1094.32,0.039643087124150655
154,1096.4782,0.03946374501313213
155,1104.44,0.03883893942776674
156,1114.6599999999999,0.03852917004016383
157,1124.98,0.036930682498083386
158,1135.38,0.03912369443242093
159,1145.8899999999999,0.03740559939683321
160,1153.83,0.03790309993131783
161,1164.51,0.03826668503311831
162,1175.29,0.03373767198044127
163,1186.16,0.036658239588734445
164,1194.38,0.032117663290682004
165,1205.43,0.028368972220915646
166,1213.79,0.021796076506594673
167,1225.02,0.028881912758768773
168,1236.35,0.03416520485646535
169,1244.92,0.03590559001774157
170,1256.44,0.03566527462193085
171,1258.92541,0.03510303029236248
172,1265.1499999999999,0.03373223551722364
173,1273.92,0.03682778437047664
174,1285.7099999999998,0.03743434718459899
175,1294.62,0.03503366198305785
176,1303.6000000000001,0.03456722475411965
177,1315.6599999999999,0.03709433831971044
178,1324.7800000000002,0.0364311870359781
179,1333.9599999999998,0.03512827258590542
180,1346.3,0.03679879804190794
181,1355.6399999999999,0.03623439181492768
182,1365.0300000000002,0.03486409128266379
183,1374.4899999999998,0.03527876872300284
184,1384.02,0.03539484413594481
185,1393.6200000000001,0.03360794752148972
186,1406.51,0.03390080561937242
187,1416.26,0.03415150608906646
188,1426.0800000000002,0.03400503453136344
189,1435.96,0.03375908980732008
190,1442.59,0.03441886492671203
191,1445.43977,0.034508850281001625
192,1445.92,0.034526173034284714
193,1455.94,0.034165118445537795
194,1466.0300000000002,0.0331074165093645
195,1476.19,0.03285542722576483
196,1486.43,0.03279690668796359
197,1493.29,0.032873176640178775
198,1503.6399999999999,0.03227912312785037
199,1510.58,0.03099492182586398
200,1517.55,0.031613208803552
201,1524.5600000000002,0.031122720154139232
202,1535.1200000000001,0.0295553745995317
203,1545.76,0.030494547790722602
204,1556.48,0.029546869727711922
205,1563.66,0.029472404663120816
206,1574.5,0.030285499718807785
207,1585.4199999999998,0.03062921352029318
208,1596.41,0.030981629974352193
209,1603.77,0.03020813458780755
210,1614.8899999999999,0.030001850253789014
211,1626.08,0.029215058572344105
212,1633.5900000000001,0.029807624584171508
213,1644.91,0.02987226211464904
214,1656.32,0.02842356448414981
215,1659.58691,0.029037189910029494
216,1663.9599999999998,0.029872204051052804
217,1671.64,0.028174373092834753
218,1675.49,0.029742884839040543
219,1683.23,0.030200317232711417
220,1694.9,0.029189559175106634
221,1706.64,0.028656741694705605
222,1714.52,0.028335705242783955
223,1726.4099999999999,0.028075276142105227
224,1734.38,0.028811614718016958
225,1746.3999999999999,0.02827933954643089
226,1754.4599999999998,0.029029183150176007
227,1766.6200000000001,0.02748320913299742
228,1774.77,0.02816081776457592
229,1782.97,0.028189802522728524
230,1795.33,0.02887060301184634
231,1803.61,0.028626215572517506
232,1816.11,0.027859927216042808
233,1824.5,0.027754329255176992
234,1832.92,0.027300152970255634
235,1845.6200000000001,0.026036449120077347
236,1854.1399999999999,0.026178355088304198
237,1867.0,0.026456856843163026
238,1875.6100000000001,0.026989587839223256
239,1884.2700000000002,0.026123464961857586
240,1892.97,0.0256917909857512
241,1905.46072,0.025991101399428257
242,1906.09,0.02600740418135882
243,1914.8899999999999,0.025754583325675068
244,1923.7299999999998,0.02546281914792002
245,1937.06,0.025270879567662698
246,1946.0,0.02621401208472943
247,1954.98,0.025417991279724873
248,1968.54,0.026221245097557633
249,1977.62,0.02634498098737485
250,1982.18,0.025684912271247813
251,1995.9199999999998,0.025199646139759772
252,2005.1299999999999,0.025191178732845296
253,2014.39,0.024938724673341704
254,2023.6899999999998,0.025010837291766834
255,2033.0300000000002,0.024839196588120664
256,2047.1200000000001,0.02513156388850884
257,2056.57,0.024473766549166623
258,2066.06,0.02446285588775312
259,2075.6,0.025228188573750508
260,2080.38,0.024994886586231377
261,2085.1800000000003,0.025135557937676602
262,2094.8,0.024429613979531407
263,2104.47,0.024378053368797097
264,2114.19,0.024446986105473682
265,2123.94,0.024517028850596794
266,2133.75,0.023475501612612974
267,2143.6,0.02396993105255786
268,2153.4900000000002,0.02407684717043146
269,2163.4300000000003,0.02347121663571594
270,2173.42,0.023340479448411323
271,2183.4500000000003,0.023364458939035406
272,2187.7616199999998,0.023594815295317966
273,2193.5299999999997,0.023912952135245483
274,2203.65,0.023401428480463136
275,2213.82,0.022676074422248074
276,2224.04,0.022416249960600293
277,2234.31,0.02340778509551979
278,2244.62,0.022677195907693116
279,2254.98,0.02212039631643372
280,2265.39,0.022082686321741606
281,2275.85,0.022452085923616773
282,2286.35,0.022831871202745765
283,2296.91,0.022005769997755494
284,2307.51,0.022186814470019047
285,2312.83,0.021799999544777734
286,2323.5,0.01966448145223548
287,2334.23,0.020941656875573963
288,2345.0,0.02003180797616627
289,2355.83,0.021280282592639317
290,2366.7,0.020048892886366187
291,2377.62,0.020574502776660338
292,2383.1,0.019286030560434327
293,2394.11,0.02001134572454958
294,2405.16,0.019613546565918665
295,2416.26,0.019733127003855024
296,2427.4100000000003,0.020628087038358667
297,2433.0099999999998,0.020164821853894132
298,2444.2400000000002,0.02077419324290542
299,2455.52,0.020557884228483998
300,2466.85,0.020343164810629852
301,2472.54,0.01981817489998642
302,2483.9500000000003,0.019808266836639922
303,2495.42,0.019309632289174164
304,2506.9399999999996,0.020574497338275686
305,2511.88643,0.01932580361279444
306,2512.71,0.01911865626179511
307,2518.5099999999998,0.018944234021682452
308,2524.31,0.018495131781569786
309,2535.96,0.018677272885481423
310,2547.67,0.01867504269035741
311,2553.5400000000004,0.01968715226803649
312,2565.33,0.019259597007531618
313,2577.1699999999996,0.0199230073311637
314,2583.11,0.019770988726634527
315,2595.0299999999997,0.019536853984885746
316,2607.01,0.018981267944101314
317,2613.02,0.018710031157363888
318,2625.0800000000004,0.01941924005119859
319,2637.2000000000003,0.01999402764599765
320,2643.28,0.021423932677051963
321,2655.48,0.022007005206470157
322,2667.7400000000002,0.020507056436852703
323,2673.89,0.02107429328569876
324,2686.23,0.02130286945070044
325,2692.4199999999996,0.020223458766856068
326,2704.85,0.020728442983304275
327,2717.33,0.019665272783889444
328,2723.6,0.019443397034664207
329,2736.17,0.020170954886695902
330,2742.48,0.01815979160478023
331,2755.14,0.018629307508258454
332,2767.85,0.01935185899587364
333,2774.2299999999996,0.019886367531749712
334,2787.04,0.018733400187638815
335,2793.46,0.015525151190824454
336,2806.36,0.016327391898160085
337,2812.83,0.019671998485482685
338,2825.8100000000004,0.020459954127437452
339,2832.33,0.020077756298897013
340,2845.4,0.019303939992298305
341,2851.96,0.018292494631067434
342,2865.12,0.02009357637591526
343,2871.73,0.020478196598821344
344,2884.0315,0.020305715453471523
345,2884.9799999999996,0.02029316544402963
346,2898.2999999999997,0.020414236121408955
347,2911.68,0.02190032288292062
348,2931.86,0.021144069179430732
349,2952.18,0.02079374967224964
350,2972.65,0.020982545375399397
351,2993.25,0.02105678426083589
352,3007.07,0.02118550563931804
353,3027.91,0.02126116886128389
354,3048.9,0.021417787293580588
355,3070.03,0.021454289922186075
356,3091.31,0.02141102776112241
357,3112.74,0.021610250810389597
358,3127.11,0.021217407960084856
359,3148.7900000000004,0.021172436359903457
360,3170.6099999999997,0.021490888956030848
361,3192.59,0.02057163777651114
362,3207.33,0.021213322445022498
363,3229.5600000000004,0.020341766616054205
364,3251.94,0.021778685997416763
365,3266.96,0.0226465390585457
366,3289.6,0.022468524804481728
367,3311.31121,0.022217657458115794
368,3312.3999999999996,0.022205679733853324
369,3320.0400000000004,0.02151813538875173
370,3327.6899999999996,0.021589977595554453
371,3335.36,0.022694412906165813
372,3343.05,0.021318141320585807
373,3350.7599999999998,0.02176494283881443
374,3358.48,0.021711150908947374
375,3366.23,0.02044133863479327
376,3373.9900000000002,0.01925863291254348
377,3381.7599999999998,0.020734173742198013
378,3389.56,0.02179109422756549
379,3397.37,0.020911551264837295
380,3405.2,0.021556671405917726
381,3413.05,0.021213534650806793
382,3420.92,0.021616750999504497
383,3428.81,0.021901760452010834
384,3436.71,0.022061226456421487
385,3444.64,0.019485762116545097
386,3452.58,0.02291923432857302
387,3460.53,0.021432203092505264
388,3468.51,0.021671741512150455
389,3476.5099999999998,0.02153339303560428
390,3484.52,0.021860851110962427
391,3492.5499999999997,0.021593152290129206
392,3500.61,0.020756613125008937
393,3508.6699999999996,0.02178117395988867
394,3516.7599999999998,0.02049314445048135
395,3524.87,0.02129363804488267
396,3533.0,0.02208938474309262
397,3541.14,0.02273973799320689
398,3549.3,0.023228534347129792
399,3557.49,0.02240316035676565
400,3565.69,0.023342502918305825
401,3573.9100000000003,0.02005341858365463
402,3582.15,0.020394727352812076
403,3590.4,0.018829712673873834
404,3598.6800000000003,0.021860417650648546
405,3606.98,0.02133717573123189
406,3615.29,0.021493240363719555
407,3621.47,0.022009199440587636
408,3624.21,0.020979654662370572
409,3626.96,0.018913726436057827
410,3629.7000000000003,0.014323751657840764
411,3632.45,0.024198303431528016
412,3635.1899999999996,0.02155811865331095
413,3637.94,0.017860760426998204
414,3640.68,0.01385648564878114
415,3643.42,0.013477800870564077
416,3646.17,0.01343250264425133
417,3648.9100000000003,0.014238417866034265
418,3651.66,0.01778092963972152
419,3654.4,0.023244984861504454
420,3657.15,0.02037135663519171
421,3659.89,0.024091561856974645
422,3662.64,0.024535563630661898
423,3665.3799999999997,0.024532878852444834
424,3668.13,0.02291092062613209
425,3670.87,0.021482735847915022
426,3673.61,0.02553642106969796
427,3676.36,0.02443874284338521
428,3679.1000000000004,0.023004898065168145
429,3681.85,0.0209531198388554
430,3684.5899999999997,0.022657425060638337
431,3687.34,0.02483487683432559
432,3690.08,0.024684832056108524
433,3692.83,0.02596769382979578
434,3695.57,0.025378379051578717
435,3698.32,0.02455654082526597
436,3701.06,0.025369096047048904
437,3703.81,0.02089899782073616
438,3706.55,0.020667693042519093
439,3709.29,0.02248818826430203
440,3712.04,0.022046110037989286
441,3714.7799999999997,0.02359360525977222
442,3717.53,0.024711157033459472
443,3720.27,0.03274564225524241
444,3723.0200000000004,0.03726582402892967
445,3725.76,0.0562933392507126
446,3728.5099999999998,0.07984639102439985
447,3731.25,0.08392383624618278
448,3734.0,0.07224582801987005
449,3736.7400000000002,0.044657323241652974
450,3739.48,0.03318083846343591
451,3742.2299999999996,0.023359210237123167
452,3744.9700000000003,0.0238042954589061
453,3747.72,0.021191387232593357
454,3750.46,0.01994457245437629
455,3753.21,0.02414077422806354
456,3755.9500000000003,0.025166819449846476
457,3758.7,0.02535766122353373
458,3761.4399999999996,0.027451176445316666
459,3764.19,0.02389643821900392
460,3766.93,0.026860923440786857
461,3769.6800000000003,0.02444639521447411
462,3772.42,0.024202820436257048
463,3775.1600000000003,0.028009005658039984
464,3777.91,0.024861407431727236
465,3780.6499999999996,0.029679322653510174
466,3783.4,0.030760014427197425
467,3786.14,0.03222723964898036
468,3788.89,0.028902041422667613
469,3791.6299999999997,0.029374526644450553
470,3794.38,0.024672968418137802
471,3797.12,0.024775143639920737
472,3799.8700000000003,0.025071775413607993
473,3801.8939600000003,0.023326704708016545
474,3802.61,0.022709609915934566
475,3805.35,0.026971243833166875
476,3808.1,0.029303748202651858
477,3810.8399999999997,0.029499572119884163
478,3813.59,0.029975816489369148
479,3816.33,0.03164909040660146
480,3819.0800000000004,0.029066524776086438
481,3821.82,0.033477418693318745
482,3824.5699999999997,0.030202413062803725
483,3827.31,0.030589066980036037
484,3830.06,0.02453489134952102
485,3832.8,0.025261605266753327
486,3835.54,0.022581869183985633
487,3838.29,0.02289942355347062
488,3841.03,0.023411697470702923
489,3843.78,0.024903461840187907
490,3846.52,0.027609245757420218
491,3849.27,0.032823890126905196
492,3852.01,0.0313939640441375
493,3854.7599999999998,0.032003398413622486
494,3857.5,0.0331410523308548
495,3860.25,0.03118479670033978
496,3862.9900000000002,0.025410380617572087
497,3865.74,0.03363375498705707
498,3868.4800000000005,0.03211314890428938
499,3871.2200000000003,0.036439982821521694
500,3873.97,0.032338387191006665
501,3876.71,0.03299049110823898
502,3879.46,0.02936124547772396
503,3882.2000000000003,0.031231949394956268
504,3884.95,0.02462420376444125
505,3887.6899999999996,0.02635791768167356
506,3890.44,0.026247542051158538
507,3893.18,0.02897976596839085
508,3895.9300000000003,0.02870784033787583
509,3898.67,0.02489547425510814
510,3901.4100000000003,0.03258811817234045
511,3904.16,0.03299539254182543
512,3906.8999999999996,0.034960576459057736
513,3909.65,0.03224197082854272
514,3912.39,0.03377827474577503
515,3915.14,0.03486286911526001
516,3917.88,0.03235603303249232
517,3920.63,0.0292860274019773
518,3923.37,0.02972934131920961
519,3926.1200000000003,0.03125888568869459
520,3928.86,0.0294813096059269
521,3931.6099999999997,0.02715759397541188
522,3934.35,0.02390540789264419
523,3937.0899999999997,0.0216337618098765
524,3939.84,0.02631375617936148
525,3942.58,0.02762805009659379
526,3945.3300000000004,0.030087144466078772
527,3948.07,0.02942993838331108
528,3950.8199999999997,0.03091224275279606
529,3953.56,0.032207656670028374
530,3956.31,0.031529521039513356
531,3959.05,0.028840354956745664
532,3961.7999999999997,0.025608819326230645
533,3964.5399999999995,0.026163603243462952
534,3967.28,0.02392691716069526
535,3970.0299999999997,0.02297108153018024
536,3972.77,0.02330953544741255
537,3975.52,0.024608589816897532
538,3978.26,0.02632530373412984
539,3981.0099999999998,0.028269548103614824
540,3983.75,0.03248112202084713
541,3986.5,0.03296963639033211
542,3989.24,0.033747380307564426
543,3991.9900000000002,0.031870474677049405
544,3994.73,0.035426458594281715
545,3997.48,0.0341314529637667
546,4000.22,0.03370853688099901
547,4002.96,0.03552257079823131
548,4005.71,0.0363048651677163
549,4008.4500000000003,0.0343270390849486
550,4011.2,0.034212863454433584
551,4013.9399999999996,0.035604637371665894
552,4016.69,0.035153211741150873
553,4019.43,0.03688978565838318
554,4022.1800000000003,0.035456860027868166
555,4024.92,0.03859152394510047
556,4027.67,0.035895598314585456
557,4030.41,0.03607159223181776
558,4033.1499999999996,0.03538511614905008
559,4035.9,0.034498200518535055
560,4038.64,0.03603923443576736
561,4041.3900000000003,0.037701008805252345
562,4044.13,0.039447982722484655
563,4046.88,0.03557404709196964
564,4049.62,0.03841210100920194
565,4052.3700000000003,0.03672127537868693
566,4055.11,0.03684153929591923
567,4057.8599999999997,0.039753093665404214
568,4060.6,0.03817203758263653
569,4063.35,0.03449837195212151
570,4066.09,0.03673561586935382
571,4068.83,0.037219579786586125
572,4071.5800000000004,0.03794141415607111
573,4074.32,0.038367758073303414
574,4077.0699999999997,0.033412192442788397
575,4079.81,0.03355323636002071
576,4082.56,0.035300970729505686
577,4085.3,0.032679834646737994
578,4088.0499999999997,0.034711919016222975
579,4090.7900000000004,0.035533122933455286
580,4093.54,0.03574012730294027
581,4096.28,0.033979571220172575
582,4099.0199999999995,0.032565705137404886
583,4101.77,0.033399969506889865
584,4104.51,0.034068133424122175
585,4107.26,0.03359025779360716
586,4110.0,0.03465612171083947
587,4112.75,0.03409133608032445
588,4115.49,0.033581509997556755
589,4118.24,0.03591965436704174
590,4120.9800000000005,0.03727742828427405
591,4123.73,0.03520213265375903
592,4126.47,0.034766936570991336
593,4129.21,0.03642227048822365
594,4131.96,0.03579230485770863
595,4134.7,0.035105828774940936
596,4137.45,0.03627449314442592
597,4140.1900000000005,0.036440107061658226
598,4142.94,0.03581297143114321
599,4145.68,0.035786805348375514
600,4148.43,0.0360674897178605
601,4151.17,0.036002603635092806
602,4153.92,0.036093418004577785
603,4156.66,0.0358310919218101
604,4159.41,0.03529275629129508
605,4162.15,0.036162140208527385
606,4164.89,0.037449994125759695
607,4167.64,0.03611341849524468
608,4170.38,0.034040182412476985
609,4173.13,0.03405353678196197
610,4175.87,0.03410483069919428
611,4178.62,0.031292715068679255
612,4181.36,0.03285262898591157
613,4184.11,0.03470145335539655
614,4186.849999999999,0.03449108727262886
615,4189.6,0.03626905164211384
616,4192.34,0.03553912555934615
617,4195.08,0.03622334947657846
618,4197.83,0.03535154384606344
619,4200.57,0.034395847763295746
620,4203.32,0.03543226213278074
621,4206.0599999999995,0.03451622605001304
622,4208.81,0.03561215041949802
623,4211.55,0.037777614336730325
624,4214.3,0.03697760870621531
625,4217.04,0.03552973262344762
626,4219.79,0.0363375369929326
627,4222.53,0.03579465091016491
628,4225.28,0.03379021527964989
629,4228.02,0.0337923791968822
630,4230.76,0.03440764311411451
631,4233.51,0.03513704748359949
632,4236.25,0.0340292514008318
633,4239.0,0.03340684577031678
634,4241.74,0.035442869687549096
635,4244.49,0.03571127405703407
636,4247.2300000000005,0.03519294797426638
637,4249.98,0.03524787234375137
638,4252.72,0.033550596260983674
639,4255.47,0.034358410630468655
640,4258.21,0.03569161454770096
641,4260.95,0.034413778464933265
642,4263.7,0.03510350283441825
643,4266.4400000000005,0.03628556675165056
644,4269.19,0.035939001121135544
645,4271.93,0.032424205038367855
646,4274.68,0.03645707940785283
647,4277.42,0.03630150332508514
648,4280.17,0.03570365769457012
649,4282.91,0.036050631611802435
650,4285.66,0.03574940598128741
651,4288.4,0.03337765989851973
652,4291.150000000001,0.034552004268004706
653,4293.89,0.03288212818523702
654,4296.63,0.03469333210246932
655,4299.38,0.030085416471954302
656,4302.12,0.03137893038918661
657,4304.87,0.031072054758671596
658,4307.61,0.0313698986759039
659,4310.36,0.03245639304538889
660,4313.1,0.033906716962621194
661,4315.85,0.032276371332106174
662,4318.59,0.035584855249338486
663,4321.34,0.03412831961882346
664,4324.08,0.03672452353605577
665,4326.82,0.03275346745328808
666,4329.57,0.03357734182277306
667,4332.3099999999995,0.033258325740005375
668,4335.06,0.033746840109490354
669,4337.8,0.03592362402672267
670,4340.55,0.03640741839620765
671,4343.29,0.038596482313439956
672,4346.04,0.037962736682924936
673,4348.78,0.03444323060015725
674,4351.53,0.03354026496964223
675,4354.27,0.033934468886874534
676,4357.0199999999995,0.03539881325635952
677,4359.759999999999,0.03605847717359183
678,4362.5,0.035321931090824134
679,4365.15832,0.03782412009776528
680,4365.25,0.037910441319005
681,4367.99,0.03704714806375386
682,4370.74,0.03672685808129377
683,4373.4800000000005,0.03524858482604263
684,4376.23,0.03476393484358254
685,4378.97,0.0349406915883314
686,4381.72,0.032570511605871315
687,4384.46,0.03195281835062018
688,4387.21,0.03380430836816009
689,4389.95,0.03392344511290895
690,4392.6900000000005,0.03676132185765781
691,4395.44,0.03430610187519772
692,4398.18,0.03352025861994658
693,4400.93,0.03518281863748649
694,4403.67,0.036056745382235356
695,4406.42,0.03574591539977527
696,4409.16,0.03480703214452413
697,4411.91,0.034281762162064036
698,4414.65,0.036092788906812896
699,4417.400000000001,0.034260118924352816
700,4420.14,0.03400327566910167
701,4422.88,0.03741361241385053
702,4425.63,0.03703476243139044
703,4428.37,0.0349518991761393
704,4431.12,0.037626189193679216
705,4433.86,0.036579625938428076
706,4436.610000000001,0.034963275955967994
707,4439.35,0.03631802270071685
708,4442.1,0.03696507271825676
709,4444.84,0.03883750946300562
710,4447.59,0.038681589480545536
711,4450.33,0.037862686225294394
712,4453.08,0.0372845062428343
713,4455.82,0.03566454298758317
714,4458.5599999999995,0.03580729973233203
715,4461.31,0.03651763974987194
716,4464.05,0.035858386494620795
717,4466.8,0.034928796512160715
718,4469.54,0.03592174325690957
719,4472.29,0.03815109327444948
720,4475.03,0.03777619001919834
721,4477.78,0.038678290036738255
722,4480.52,0.036436736781487115
723,4483.2699999999995,0.03830143679902703
724,4486.01,0.04049789354377589
725,4488.75,0.03729373028852475
726,4491.5,0.03762054030606466
727,4494.24,0.03703212705081352
728,4496.99,0.039582657068353434
729,4499.7300000000005,0.038015593813102294
730,4502.48,0.03943253383064221
731,4505.219999999999,0.03943548057539107
732,4507.97,0.03931546059293098
733,4510.71,0.04006942733767983
734,4513.46,0.03843228735521975
735,4516.2,0.038445624099968614
736,4518.95,0.03792790411750852
737,4521.69,0.03786757086225738
738,4524.43,0.03992420760700624
739,4527.18,0.03515457762454616
740,4529.92,0.03549854436929501
741,4532.67,0.03545789438683493
742,4535.41,0.03699874113158379
743,4538.16,0.0371385111491237
744,4540.9,0.03656332789387256
745,4543.650000000001,0.037770557911412476
746,4546.39,0.04042800465616133
747,4549.139999999999,0.03799923467370125
748,4551.88,0.03744295141845011
749,4554.62,0.03624523816319897
750,4557.37,0.036475688180738874
751,4560.11,0.03824988492548773
752,4562.860000000001,0.03816765494302765
753,4565.6,0.03511368168777651
754,4568.35,0.037396881705316416
755,4571.09,0.03893962845006528
756,4573.84,0.0361037184676052
757,4576.58,0.036902065212354056
758,4579.33,0.03817164522989397
759,4582.07,0.03734613197464283
760,4584.82,0.036888871992182735
761,4587.56,0.037350918736931596
762,4590.3,0.03907221548168046
763,4593.05,0.03962006549922037
764,4595.79,0.03850454224396923
765,4598.54,0.03856873226150915
766,4601.28,0.038739839006258006
767,4604.03,0.038540469023797916
768,4606.77,0.036411325768546776
769,4609.5199999999995,0.03783771578608669
770,4612.26,0.03960057253083555
771,4615.01,0.03910930254837546
772,4617.75,0.03802210929312432
773,4620.49,0.039934216037873185
774,4623.24,0.039394766055413095
775,4625.9800000000005,0.037335532800161955
776,4628.73,0.03857960281770187
777,4631.469999999999,0.03925042956245073
778,4634.22,0.03908600957999064
779,4636.96,0.0379988263247395
780,4639.71,0.03916543634227941
781,4642.45,0.03788081308702827
782,4645.2,0.03680386310456819
783,4647.94,0.037976299849317045
784,4650.6900000000005,0.038820779866856954
785,4653.43,0.03823898661160582
786,4656.17,0.039398203356354675
787,4658.92,0.03991866337389459
788,4661.66,0.03990934011864345
789,4664.41,0.038067200136183366
790,4667.15,0.03785572688093222
791,4669.900000000001,0.03783772689847213
792,4672.64,0.03899127364322099
793,4675.389999999999,0.03829029366076091
794,4678.13,0.04051697040550977
795,4680.88,0.03846985042304968
796,4683.62,0.038842157167798534
797,4686.36,0.0376557939125474
798,4689.110000000001,0.036523103930087314
799,4691.85,0.03820376067483617
800,4694.599999999999,0.036982270692376085
801,4697.34,0.03660641743712494
802,4700.09,0.038485297454664856
803,4702.83,0.038136834199413716
804,4705.58,0.03715623421695363
805,4708.32,0.03658389096170249
806,4711.07,0.0373849209792424
807,4713.8099999999995,0.03799622772399126
808,4716.55,0.03870484446874012
809,4719.3,0.039030704486280036
810,4722.04,0.03827320123102889
811,4724.79,0.03867275124856881
812,4727.53,0.037874627993317665
813,4730.28,0.038761618010857576
814,4733.02,0.03835364475560644
815,4735.77,0.03849718477314635
816,4738.51,0.03930971151789521
817,4741.26,0.038776881535435126
818,4744.0,0.038659858280183985
819,4746.75,0.0404263182977239
820,4749.49,0.03833968504247275
821,4752.2300000000005,0.03755857178722161
822,4754.98,0.038090371804761526
823,4757.719999999999,0.03778157854951039
824,4760.47,0.038255758567050296
825,4763.21,0.037915795311799165
826,4765.96,0.03720915532933907
827,4768.7,0.03733490207408793
828,4771.45,0.03814348209162785
829,4774.19,0.03829285883637671
830,4776.9400000000005,0.03887189885391662
831,4779.68,0.039801555598665474
832,4782.42,0.03766485234341434
833,4785.17,0.03779234236095425
834,4787.91,0.03827139910570311
835,4790.66,0.03843382912324302
836,4793.4,0.03787470586799189
837,4796.150000000001,0.03747885588553179
838,4798.89,0.03785400263028065
839,4801.639999999999,0.03882884264782057
840,4804.38,0.03890642939256943
841,4807.13,0.039360759410109344
842,4809.87,0.03842566615485821
843,4812.62,0.04009388617239811
844,4815.360000000001,0.04024893291714697
845,4818.1,0.03984189966189583
846,4820.849999999999,0.037941199679435746
847,4823.59,0.039203386424184604
848,4826.34,0.03734897644172452
849,4829.08,0.038900213186473374
850,4831.83,0.03950286320401329
851,4834.570000000001,0.03798680994876215
852,4837.32,0.03865935996630206
853,4840.0599999999995,0.03876905671105092
854,4842.81,0.03665297672859084
855,4845.55,0.035884143473339694
856,4848.29,0.03640192021808855
857,4851.04,0.03540527023562847
858,4853.78,0.03516543698037733
859,4856.53,0.036657966997917235
860,4859.2699999999995,0.0415325137426661
861,4862.02,0.049152083760206015
862,4864.76,0.05046624050495487
863,4867.51,0.043778940522494786
864,4870.25,0.03818573726724365
865,4873.0,0.03476980728478356
866,4875.74,0.03499474402953241
867,4878.49,0.034199314047072334
868,4881.23,0.03412763079182119
869,4883.97,0.03538790753657005
870,4886.72,0.036130377554109964
871,4889.46,0.03518866429885882
872,4892.21,0.03513761431639873
873,4894.95,0.03624014106114759
874,4897.7,0.03735196107868751
875,4900.44,0.03641025782343637
876,4903.19,0.03767888784097628
877,4905.93,0.03624878458572514
878,4908.68,0.035501524603265056
879,4911.42,0.03561122134801391
880,4914.16,0.03622157809276277
881,4916.91,0.03626971811030268
882,4919.65,0.036996274855051546
883,4922.400000000001,0.034166984872591455
884,4925.14,0.03325360161734031
885,4927.889999999999,0.03589011163488023
886,4930.63,0.03685093837962909
887,4933.38,0.037038888397169005
888,4936.12,0.036075445141917864
889,4938.87,0.035105245159457774
890,4941.610000000001,0.03527446190420663
891,4944.36,0.03697952192174655
892,4947.099999999999,0.03808110866649541
893,4949.84,0.038379735411244266
894,4952.59,0.03894365542878418
895,4955.33,0.04063187217353304
896,4958.08,0.04431883219107295
897,4960.820000000001,0.04865494893582181
898,4963.57,0.04839510895336173
899,4966.3099999999995,0.04190353569811058
900,4969.06,0.03902227571565049
901,4971.8,0.03685535246039935
902,4974.55,0.03698189247793927
903,4977.29,0.03682235922268813
904,4980.03,0.03662881596743699
905,4982.78,0.036263195984976904
906,4985.5199999999995,0.036172612729725766
907,4988.27,0.037732212747265674
908,4991.01,0.03724204949201453
909,4993.76,0.03587413950955445
910,4996.5,0.03596210625430331
911,4999.25,0.03818107627184322
912,5001.99,0.04155172301659208
913,5004.74,0.050905673034131994
914,5007.48,0.06625367977888086
915,5010.219999999999,0.07114718652362971
916,5011.87234,0.06481158021685948
917,5012.97,0.06060301299973641
918,5015.71,0.04345813007252217
919,5018.46,0.037133182390099134
920,5021.2,0.0362817494628849
921,5023.950000000001,0.035767421780461855
922,5026.6900000000005,0.036441608853247626
923,5029.44,0.036271141170824577
924,5032.18,0.03692926824361035
925,5034.929999999999,0.0367465005611873
926,5037.67,0.035492657633973065
927,5040.42,0.03424432995155003
928,5043.16,0.03457748702433579
929,5045.9,0.035962064097121556
930,5048.65,0.03694124641469851
931,5051.39,0.03629763348748428
932,5054.14,0.03751107580506124
933,5056.88,0.038075692877847005
934,5059.63,0.03728079519542396
935,5062.370000000001,0.037574282268209726
936,5065.12,0.037784504585786687
937,5067.86,0.03669503165857245
938,5070.61,0.0362061939761494
939,5073.349999999999,0.037031531048935175
940,5076.09,0.03826213812172094
941,5078.84,0.038119990439297896
942,5081.58,0.03694264751208366
943,5084.33,0.03640375982966062
944,5087.070000000001,0.034823046902446385
945,5089.820000000001,0.035394129220023336
946,5092.56,0.03666912629280911
947,5095.3099999999995,0.03713250861038607
948,5098.049999999999,0.03695273568317183
949,5100.8,0.03440361800074879
950,5103.54,0.03557846507353455
951,5106.29,0.036977067391111514
952,5109.03,0.035942374463897274
953,5111.7699999999995,0.03637851153668304
954,5114.52,0.03693731385426
955,5117.26,0.037159960927045765
956,5120.01,0.03706411324462273
957,5122.75,0.03521133031740849
958,5125.499999999999,0.03496056263498545
959,5128.24,0.03593987970777122
960,5130.99,0.03575334202534817
961,5133.73,0.034787609098133936
962,5136.48,0.03547110141571089
963,5139.22,0.03650236848849666
964,5141.96,0.03518427556128243
965,5144.71,0.03519328787885938
966,5147.45,0.03463941495164515
967,5150.200000000001,0.0354051072692221
968,5152.9400000000005,0.035172424342007874
969,5155.6900000000005,0.03609113665958483
970,5158.43,0.036861683732370594
971,5161.179999999999,0.03575126604994755
972,5163.92,0.03524180312273332
973,5166.67,0.03379982544031027
974,5169.41,0.03272450251309604
975,5172.16,0.031956064830672995
976,5174.9,0.031810291903458764
977,5177.64,0.03282642897624453
978,5180.39,0.03456134129382149
979,5183.13,0.03429086836660725
980,5185.88,0.03336845068418421
981,5188.620000000001,0.03474545775696998
982,5191.37,0.03455421007454693
983,5194.11,0.0346757771473327
984,5196.86,0.035518919464909655
985,5199.599999999999,0.03464575653769542
986,5202.35,0.03566554885527237
987,5205.09,0.036205605928058146
988,5207.83,0.035438233000843915
989,5210.58,0.035322555318420865
990,5213.320000000001,0.03473657239120664
991,5216.070000000001,0.03596135470878359
992,5218.81,0.03741017178156936
993,5221.5599999999995,0.036125944099146316
994,5224.299999999999,0.03552201117193208
995,5227.05,0.034319973489509034
996,5229.79,0.0333315505622948
997,5232.54,0.03469237287987176
998,5235.28,0.035005709952657525
999,5238.03,0.035483272270234484
1000,5240.77,0.03594584934302025
1001,5243.51,0.03602301641580601
1002,5246.26,0.03722229873338297
1003,5249.0,0.03690553580616874
1004,5251.749999999999,0.036076638123745695
1005,5254.490000000001,0.03537161519653146
1006,5257.24,0.03505283751410842
1007,5259.98,0.035817714586894187
1008,5262.73,0.034490976904471136
1009,5265.47,0.033193663977256906
1010,5268.22,0.03251308629483386
1011,5270.96,0.03202439336761963
1012,5273.7,0.033141620440405396
1013,5276.450000000001,0.03437964275798235
1014,5279.1900000000005,0.03447285983076812
1015,5281.9400000000005,0.03559090214834508
1016,5284.68,0.036903679221130845
1017,5287.429999999999,0.0362127015387078
1018,5290.169999999999,0.03741684861149357
1019,5292.92,0.036704140929070525
1020,5295.66,0.035794128001856294
1021,5298.41,0.03479992031943324
1022,5301.15,0.03634035739221901
1023,5303.89,0.035203624465004774
1024,5306.64,0.03494813678258173
1025,5309.38,0.035494803855367504
1026,5312.13,0.036512706172944456
1027,5314.870000000001,0.03575857324573022
1028,5317.62,0.03612938556330718
1029,5320.36,0.03680263263609295
1030,5323.11,0.03567805495366991
1031,5325.849999999999,0.035543612026455666
1032,5328.6,0.03374644434403263
1033,5331.34,0.03372819141681839
1034,5334.09,0.03490103373439535
1035,5336.83,0.03687317080718111
1036,5339.57,0.03644588787996688
1037,5342.320000000001,0.03624802019754384
1038,5345.06,0.037011007270329604
1039,5347.8099999999995,0.03649572958790656
1040,5350.549999999999,0.03576238666069233
1041,5353.299999999999,0.036418488978269284
1042,5356.04,0.036899016051055056
1043,5358.79,0.038014228368632004
1044,5361.53,0.03715523544141778
1045,5364.28,0.03629232775899473
1046,5367.02,0.0367530248317805
1047,5369.76,0.03702479190456627
1048,5372.51,0.036433944222143216
1049,5375.25,0.036197471294928986
1050,5377.999999999999,0.03738542361250594
1051,5380.740000000001,0.03726610068529171
1052,5383.49,0.03599604300286867
1053,5386.23,0.03545162007565443
1054,5388.98,0.03491840239323139
1055,5391.72,0.036586369466017156
1056,5394.47,0.035745181783594114
1057,5397.21,0.034607518856379874
1058,5399.96,0.03551396117395684
1059,5402.700000000001,0.0340333782467426
1060,5405.4400000000005,0.03350879531952837
1061,5408.1900000000005,0.034299987637105324
1062,5410.93,0.034384704709891085
1063,5413.679999999999,0.03333003702746805
1064,5416.419999999999,0.03548450410025382
1065,5419.17,0.03459986641783077
1066,5421.91,0.03568025349061654
1067,5424.66,0.036462945808193495
1068,5427.4,0.03561246288097926
1069,5430.150000000001,0.03649339519855621
1070,5432.89,0.036795382271341985
1071,5435.63,0.034676209344127754
1072,5438.38,0.036172121661704706
1073,5441.120000000001,0.03690298873449047
1074,5443.87,0.036232781052067425
1075,5446.61,0.035807398124853194
1076,5449.36,0.03693111044243016
1077,5452.099999999999,0.036892077515215914
1078,5454.85,0.03720809983279288
1079,5457.59,0.035686906905578644
1080,5460.34,0.0353057792231556
1081,5463.08,0.036264306295941365
1082,5465.830000000001,0.03524741861351832
1083,5468.570000000001,0.03708920568630409
1084,5471.31,0.03674599275908985
1085,5474.0599999999995,0.03622127507666681
1086,5476.799999999999,0.03425608214945258
1087,5479.549999999999,0.03423959446702953
1088,5482.29,0.0346861115398153
1089,5485.04,0.03570591385739225
1090,5487.78,0.03710655093017803
1091,5490.53,0.03644391324775498
1092,5493.27,0.035580190320540744
1093,5496.02,0.0362400726381177
1094,5498.76,0.036241669710903465
1095,5501.5,0.035639606783689236
1096,5504.250000000001,0.03615212910126619
1097,5506.990000000001,0.03556235617405196
1098,5509.74,0.034968688491628916
1099,5512.48,0.03545488556441468
1100,5515.23,0.03415838788199164
1101,5517.97,0.0365688449547774
1102,5520.72,0.03506735727235436
1103,5523.46,0.03662196434514013
1104,5526.21,0.03604245666271708
1105,5528.95,0.03533177373550285
1106,5531.700000000001,0.03423648605307981
1107,5534.4400000000005,0.03395656312586558
1108,5537.18,0.03316652019865134
1109,5539.929999999999,0.0353841525162283
1110,5542.669999999999,0.03536590958901407
1111,5545.42,0.03621378190659102
1112,5548.16,0.034478138979376786
1113,5550.91,0.03721154129695375
1114,5553.65,0.03628359836973951
1115,5556.400000000001,0.03539896068731647
1116,5559.14,0.03627058776010223
1117,5561.89,0.03471524007767919
1118,5564.63,0.03704446715046496
1119,5567.370000000001,0.035295604223250725
1120,5570.12,0.03344553654082768
1121,5572.86,0.03494629361361344
1122,5575.61,0.0341891959311904
1123,5578.349999999999,0.036159453003976175
1124,5581.1,0.032737465321553125
1125,5583.84,0.03466710239433889
1126,5586.59,0.03547908471191585
1127,5589.33,0.03178799178470161
1128,5592.080000000001,0.034798194102278565
1129,5594.820000000001,0.034247161175064336
1130,5597.56,0.0351234882478501
1131,5600.3099999999995,0.03561807056542706
1132,5603.05,0.03475434763821283
1133,5605.799999999999,0.03504676995578978
1134,5608.54,0.03600056702857555
1135,5611.29,0.03491282934615251
1136,5614.03,0.035300786418938274
1137,5616.78,0.03526729873651523
1138,5619.52,0.036256995809300994
1139,5622.27,0.03448154812687795
1140,5625.01,0.033313655199663714
1141,5627.76,0.034173807517240674
1142,5630.500000000001,0.03530047459002644
1143,5633.240000000001,0.03492987166281221
1144,5635.99,0.03448923398038917
1145,5638.73,0.03631401105317494
1146,5641.48,0.03744622337075189
1147,5644.219999999999,0.03442018044353766
1148,5646.97,0.03335040276111461
1149,5649.71,0.034450629833900376
1150,5652.46,0.03586340215147733
1151,5655.2,0.0354049392242631
1152,5657.950000000001,0.03473664154184005
1153,5660.6900000000005,0.03497250861462582
1154,5663.43,0.03450458568741159
1155,5666.179999999999,0.034303898004988544
1156,5668.919999999999,0.03472396507777431
1157,5671.67,0.03645982739535127
1158,5674.41,0.036258304468137034
1159,5677.16,0.035549386785713996
1160,5679.9,0.036348263858499756
1161,5682.650000000001,0.03748236617607672
1162,5685.39,0.03325093324886248
1163,5688.14,0.033701115566439434
1164,5690.88,0.03542387263922521
1165,5693.629999999999,0.03525907495680216
1166,5696.37,0.03632056202958793
1167,5699.11,0.035793139102373694
1168,5701.86,0.03487734141995065
1169,5704.599999999999,0.03484490849273642
1170,5707.35,0.03406136081031337
1171,5710.09,0.03248914788309914
1172,5712.84,0.03446401020067609
1173,5715.58,0.03568702727346186
1174,5718.33,0.03473249959103882
1175,5721.070000000001,0.03599426666382458
1176,5723.82,0.03620920898140154
1177,5726.56,0.035178286054187304
1178,5729.3,0.034035893126973076
1179,5732.049999999999,0.034976345444550035
1180,5734.79,0.036187092517335796
1181,5737.54,0.035794634834912756
1182,5740.28,0.034788271907698516
1183,5743.03,0.03473683422527548
1184,5745.77,0.03473747129806124
1185,5748.52,0.0347105936156382
1186,5751.26,0.03413877068842397
1187,5754.01,0.03619203300600092
1188,5754.399369999999,0.03619507649710697
1189,5756.750000000001,0.036213774908765206
1190,5759.5,0.03508202724465253
1191,5762.24,0.0355837129538639
1192,5764.98,0.03443980866307527
1193,5767.73,0.035312630998962605
1194,5770.469999999999,0.03341960670817398
1195,5773.22,0.03568200904406131
1196,5775.96,0.03464391475327268
1197,5778.71,0.033976937089160004
1198,5781.45,0.033631252798371376
1199,5784.200000000001,0.0329812951342587
1200,5786.9400000000005,0.033909020843470083
1201,5789.69,0.033888193179357415
1202,5792.429999999999,0.034892438888568786
1203,5795.169999999999,0.034785764597780156
1204,5797.92,0.03513996693366748
1205,5800.66,0.035053132642878855
1206,5803.41,0.03718706497876618
1207,5806.15,0.03429743068797756
1208,5808.900000000001,0.03657307302386489
1209,5811.64,0.03323187873307626
1210,5814.39,0.035477291068963586
1211,5817.13,0.03310627677817496
1212,5819.879999999999,0.035346009114062285
1213,5822.62,0.03291453482327365
1214,5825.37,0.036213237159160985
1215,5828.11,0.03492763286837236
1216,5830.849999999999,0.03560690857758373
1217,5833.599999999999,0.03391404091347106
1218,5836.34,0.036540266622682435
1219,5839.09,0.03574198895856976
1220,5841.83,0.03725161466778114
1221,5844.58,0.03407751700366846
1222,5847.320000000001,0.03662062271287984
1223,5850.070000000001,0.03796670504876717
1224,5852.81,0.033444700757978535
1225,5855.5599999999995,0.03490793309386586
1226,5858.299999999999,0.033421108803077235
1227,5861.04,0.03422603451228862
1228,5863.79,0.033859466848175944
1229,5866.53,0.035035642557387316
1230,5869.28,0.03552398489327464
1231,5872.02,0.03440368060248601
1232,5874.77,0.03480323293837334
1233,5877.51,0.03436497864758472
1234,5880.26,0.03879822098347205
1235,5883.0,0.029504736692683418
1236,5885.75,0.030064889028570744
1237,5888.49,0.024525464737782113
1238,5891.23,0.02524063044699349
1239,5893.98,0.02754368278288082
1240,5896.719999999999,0.03071212849209219
1241,5899.47,0.031587790827979516
1242,5902.21,0.03549308653719089
1243,5904.96,0.03328725887307822
1244,5907.7,0.03399015458228959
1245,5910.450000000001,0.03289053691817692
1246,5913.1900000000005,0.0337965326273883
1247,5915.94,0.03405627496327562
1248,5918.679999999999,0.034824350672486994
1249,5921.429999999999,0.033569803008374324
1250,5924.17,0.03619035871758569
1251,5926.91,0.035224984426797064
1252,5929.66,0.03319014676268439
1253,5932.4,0.033611542471895774
1254,5935.150000000001,0.033901504807783096
1255,5937.89,0.033272430516994474
1256,5940.64,0.0328416228528818
1257,5943.38,0.03340093856209317
1258,5946.129999999999,0.0325185808979805
1259,5948.870000000001,0.033471806607191866
1260,5951.62,0.033311178943079195
1261,5954.36,0.032877654652290575
1262,5957.099999999999,0.03285127036150195
1263,5959.849999999999,0.03243746269738927
1264,5962.59,0.03380634840660064
1265,5965.34,0.03457998074248797
1266,5968.08,0.03342662645169935
1267,5970.83,0.03357488878758668
1268,5973.570000000001,0.03378184449679805
1269,5976.320000000001,0.033217846832685374
1270,5979.06,0.03346730254189675
1271,5981.8099999999995,0.033831894877784076
1272,5984.549999999999,0.03330957058699545
1273,5987.3,0.034420452922882774
1274,5990.04,0.032701238632094155
1275,5992.78,0.03422976434130552
1276,5995.53,0.033052686677192855
1277,5998.27,0.03132308238640422
1278,6001.02,0.03379804472229155
1279,6003.76,0.03167357043150293
1280,6006.51,0.033906712767390254
1281,6009.25,0.03379058847660163
1282,6012.0,0.033345610812488956
1283,6014.74,0.033563896521700325
1284,6017.49,0.03419487885758766
1285,6020.23,0.035488194566799025
1286,6022.969999999999,0.0334515702760104
1287,6025.72,0.03262873261189773
1288,6028.46,0.033756728321109104
1289,6031.21,0.03425642065699643
1290,6033.95,0.032354876366207805
1291,6036.700000000001,0.033296668702095134
1292,6039.4400000000005,0.03526068441130651
1293,6042.19,0.033936226747193834
1294,6044.929999999999,0.035254092456405206
1295,6047.679999999999,0.034488884792292535
1296,6050.42,0.03397034050150391
1297,6053.17,0.03368690283739124
1298,6055.91,0.034977368546602605
1299,6058.65,0.03382212425581398
1300,6061.400000000001,0.03341682659170131
1301,6064.14,0.033024852300912684
1302,6066.89,0.03268096463680001
1303,6069.63,0.032598850346011385
1304,6072.38,0.03341310268189871
1305,6075.120000000001,0.03400735839111008
1306,6077.87,0.03456939072699741
1307,6080.61,0.033524666436208786
1308,6083.36,0.032848258772096114
1309,6086.099999999999,0.034279474481307484
1310,6088.84,0.033985760190518854
1311,6091.59,0.03505602252640618
1312,6094.33,0.03376662823561756
1313,6097.08,0.033542700571504894
1314,6099.820000000001,0.03318380628071626
1315,6102.570000000001,0.03376283861660359
1316,6105.31,0.032054964325814964
1317,6108.0599999999995,0.03203697666170229
1318,6110.799999999999,0.033999102370913664
1319,6113.55,0.03494749470680099
1320,6116.29,0.03315460041601236
1321,6119.04,0.0333491627518997
1322,6121.78,0.03352021846111106
1323,6124.5199999999995,0.03291192417032244
1324,6127.27,0.03307530650620976
1325,6130.01,0.03333421221542114
1326,6132.76,0.03288074455130847
1327,6135.5,0.03335503026051984
1328,6138.249999999999,0.03455376259640717
1329,6140.99,0.031995678305618544
1330,6143.74,0.03298660064150587
1331,6146.48,0.03310191635071724
1332,6149.23,0.03338998868660457
1333,6151.97,0.034600164395815945
1334,6154.71,0.03347231010502732
1335,6157.46,0.03161885244091464
1336,6160.2,0.031273178150126014
1337,6162.950000000001,0.030625100486013343
1338,6165.6900000000005,0.03145741619522472
1339,6168.44,0.030899088531112045
1340,6171.18,0.031407374240323416
1341,6173.929999999999,0.030484406576210748
1342,6176.67,0.03325799228542212
1343,6179.42,0.033480894621309445
1344,6182.16,0.03406854033052082
1345,6184.9,0.0321216660397322
1346,6187.650000000001,0.033963708375619524
1347,6190.39,0.03167864408483089
1348,6193.14,0.03216321642071822
1349,6195.88,0.031589882129929595
1350,6198.63,0.03308429446581692
1351,6201.370000000001,0.0321340301750283
1352,6204.12,0.03265638251091563
1353,6206.86,0.033967648220126996
1354,6209.61,0.03337908055601433
1355,6212.349999999999,0.0331883262652257
1356,6215.1,0.03196873860111303
1357,6217.84,0.029513634310324402
1358,6220.58,0.031601390019535776
1359,6223.33,0.0339082123554231
1360,6226.070000000001,0.03139454806463447
1361,6228.820000000001,0.0332044704005218
1362,6231.56,0.03193113610973317
1363,6234.3099999999995,0.0318649784456205
1364,6237.049999999999,0.03231659415483188
1365,6239.8,0.031943416490719204
1366,6242.54,0.03300244219993058
1367,6245.29,0.0342408445358179
1368,6248.03,0.031183060245029277
1369,6250.7699999999995,0.031095265954240652
1370,6253.52,0.03083072829012798
1371,6256.26,0.032722003999339354
1372,6259.01,0.03227797633522668
1373,6261.75,0.029572532044438053
1374,6264.499999999999,0.03075899438032538
1375,6267.24,0.031709380089536755
1376,6269.99,0.03167345242542408
1377,6272.73,0.032425468134635455
1378,6275.48,0.03264270047052278
1379,6278.22,0.03142415617973415
1380,6280.97,0.032672958515621485
1381,6283.71,0.032061824224832856
1382,6286.45,0.03587358993404423
1383,6289.200000000001,0.037769482269931556
1384,6291.9400000000005,0.03005829797914293
1385,6294.69,0.028451400315030257
1386,6297.43,0.02887844602424163
1387,6300.179999999999,0.03016314836012896
1388,6302.92,0.03126185406934033
1389,6305.67,0.03417042640522766
1390,6308.41,0.03431974211443903
1391,6311.16,0.03131569445032636
1392,6313.9,0.031418730159537736
1393,6316.64,0.031601105868749105
1394,6319.39,0.03306057820463643
1395,6322.13,0.03244661391384781
1396,6324.88,0.03277815624973513
1397,6327.620000000001,0.033302501958946504
1398,6330.37,0.031939324294833836
1399,6333.11,0.03241833000404521
1400,6335.86,0.033052162339932536
1401,6338.599999999999,0.03190918804914391
1402,6341.35,0.03074250038503124
1403,6344.09,0.03485938609424261
1404,6346.84,0.032928468430129934
1405,6349.58,0.033171304139341315
1406,6352.320000000001,0.03316948984855269
1407,6355.070000000001,0.031584312184440015
1408,6357.81,0.032431737893651384
1409,6360.5599999999995,0.03236935022953871
1410,6363.299999999999,0.03109224593875009
1411,6366.05,0.031249958274637415
1412,6368.79,0.03190845398384879
1413,6371.54,0.03163635631973612
1414,6374.28,0.03358525202894749
1415,6377.03,0.03304865436483482
1416,6379.77,0.03184711007404619
1417,6382.51,0.030682405783257562
1418,6385.26,0.03255184811914489
1419,6388.0,0.032490513828356264
1420,6390.749999999999,0.03345403616424359
1421,6393.49,0.03336813187345496
1422,6396.24,0.032522624209342293
1423,6398.98,0.03042081991855367
1424,6401.73,0.03260767225444099
1425,6404.47,0.03264457796365237
1426,6407.22,0.0322279502995397
1427,6409.96,0.03204380600875107
1428,6412.71,0.032530268344638395
1429,6415.450000000001,0.030123344053849768
1430,6418.1900000000005,0.03326156976306115
1431,6420.9400000000005,0.032333872098948474
1432,6423.68,0.03228670780815984
1433,6426.429999999999,0.033003670144047176
1434,6429.169999999999,0.032566355853258545
1435,6431.92,0.03297819818914587
1436,6434.66,0.03211484389835725
1437,6437.41,0.03186446623424457
1438,6440.15,0.03196089194345595
1439,6442.900000000001,0.032259364279343276
1440,6445.64,0.03359233998855465
1441,6448.38,0.03247865569776602
1442,6451.13,0.03181830803365335
1443,6453.870000000001,0.03129502374286472
1444,6456.62,0.030718746078752048
1445,6459.36,0.03221893178796342
1446,6462.11,0.03145467412385075
1447,6464.849999999999,0.031450949833062125
1448,6467.6,0.03208762216894945
1449,6470.34,0.032998337878160824
1450,6473.09,0.03234743021404815
1451,6475.83,0.031969625923259526
1452,6478.57,0.032502481632470895
1453,6481.320000000001,0.03301351396835823
1454,6484.06,0.0324278796775696
1455,6486.8099999999995,0.034487202013456925
1456,6489.549999999999,0.032814287722668305
1457,6492.3,0.03158997005855563
1458,6495.04,0.029143355767767
1459,6497.79,0.03093440810365433
1460,6500.53,0.0306841338128657
1461,6503.28,0.03122350614875303
1462,6506.02,0.031094141857964403
1463,6508.77,0.033843064193851725
1464,6511.51,0.03288902990306311
1465,6514.25,0.031597735612274476
1466,6516.999999999999,0.031016737948161805
1467,6519.740000000001,0.03355415365737318
1468,6522.49,0.032629295993260504
1469,6525.23,0.032977941702471876
1470,6527.98,0.030354594038359207
1471,6530.72,0.03437889974757058
1472,6533.47,0.03273894208345791
1473,6536.21,0.03152983779266928
1474,6538.96,0.03472180012855661
1475,6541.700000000001,0.03483334583776798
1476,6544.4400000000005,0.03350522154697936
1477,6547.1900000000005,0.032919493882866684
1478,6549.93,0.03586783959207806
1479,6552.679999999999,0.034124901927965384
1480,6555.419999999999,0.03393981763717676
1481,6558.17,0.03910233997306409
1482,6560.91,0.06051689568227545
1483,6563.66,0.09492503801816278
1484,6566.4,0.10065360372737416
1485,6569.150000000001,0.07574000606326149
1486,6571.89,0.04360849177247286
1487,6574.64,0.034823124108360186
1488,6577.38,0.03213279981757156
1489,6580.120000000001,0.034321645526782935
1490,6582.87,0.03861885786267027
1491,6585.61,0.042587443571881635
1492,6588.36,0.040028315907768966
1493,6591.099999999999,0.03459565161698033
1494,6593.85,0.02916005395286766
1495,6596.59,0.02986293966207904
1496,6599.34,0.030585571997966365
1497,6602.08,0.03166254770717774
1498,6604.830000000001,0.031039980043065064
1499,6606.93448,0.031066874152452337
1500,6607.570000000001,0.031075060719329944
1501,6610.31,0.030901586529445472
1502,6613.0599999999995,0.031244749988503028
1503,6615.799999999999,0.03208583579861856
1504,6618.549999999999,0.03301845925767611
1505,6621.29,0.03212987506779164
1506,6624.04,0.032573168526849196
1507,6626.78,0.03172899433696473
1508,6629.53,0.03214961779602228
1509,6632.27,0.031648343606137816
1510,6635.02,0.032412817065195366
1511,6637.76,0.0323300328753109
1512,6640.509999999999,0.03335617633436846
1513,6643.250000000001,0.03179500214448398
1514,6645.990000000001,0.031802897954599514
1515,6648.74,0.02985431141365707
1516,6651.48,0.0313113272237726
1517,6654.23,0.033094140682830155
1518,6656.97,0.03330419649294568
1519,6659.72,0.03194318995200324
1520,6662.46,0.030500095762118765
1521,6665.21,0.03288182922117632
1522,6667.95,0.03141606503129185
1523,6670.700000000001,0.033394428490349404
1524,6673.4400000000005,0.03224890430046493
1525,6676.18,0.031217670110580464
1526,6678.929999999999,0.03290224356963802
1527,6681.669999999999,0.033979509379753546
1528,6684.42,0.03366801283881111
1529,6687.16,0.03319413864892663
1530,6689.91,0.03082612210798419
1531,6692.65,0.030756557918099718
1532,6695.400000000001,0.031088391377157274
1533,6698.14,0.0333407971872728
1534,6700.89,0.03193067064633036
1535,6703.63,0.030151276456445886
1536,6706.379999999999,0.030906309915503444
1537,6709.12,0.03270716572561897
1538,6711.86,0.0335388115357345
1539,6714.61,0.03748206499479206
1540,6717.349999999999,0.04795302080490759
1541,6720.1,0.05111501426396514
1542,6722.84,0.044496160074080665
1543,6725.59,0.03795368353313822
1544,6728.33,0.03988302934325375
1545,6731.080000000001,0.04116894280231131
1546,6733.820000000001,0.04575844861242684
1547,6736.57,0.044215112071484396
1548,6739.3099999999995,0.03624820788159992
1549,6742.05,0.03214590369171545
1550,6744.799999999999,0.03298689715077301
1551,6747.54,0.030496172960888537
1552,6750.29,0.029988196419946093
1553,6753.03,0.029327272230061624
1554,6755.78,0.031404825689119176
1555,6758.52,0.031107601499234708
1556,6761.27,0.030421084958292263
1557,6764.01,0.03376741076840779
1558,6766.76,0.03297320422746535
1559,6769.500000000001,0.03262591003758088
1560,6772.240000000001,0.03155027584769641
1561,6774.99,0.032158889306753966
1562,6777.73,0.03141956511686949
1563,6780.48,0.031753278575927045
1564,6783.22,0.031821634386042574
1565,6785.97,0.03189367784510013
1566,6788.71,0.03075193365521566
1567,6791.46,0.029490117114273216
1568,6794.2,0.03136466292438875
1569,6796.950000000001,0.0299611463834463
1570,6799.6900000000005,0.03272556219356183
1571,6802.44,0.030808155652619386
1572,6805.179999999999,0.031004981462734914
1573,6807.919999999999,0.029912347272850442
1574,6810.67,0.029146480731908
1575,6813.41,0.029422666542023527
1576,6816.16,0.03237781000108108
1577,6825.639999999999,0.03100867119812313
1578,6841.37,0.031070142983932354
1579,6857.14,0.030653605365509685
1580,6872.95,0.030579028342855127
1581,6888.79,0.03070763426702665
1582,6904.670000000001,0.030701060786966283
1583,6920.59,0.030762477902674022
1584,6936.54,0.03082390796520785
1585,6952.53,0.030954268623509782
1586,6968.56,0.03080981987757983
1587,6984.629999999999,0.030261821727417985
1588,7000.73,0.030660436524082225
1589,7016.860000000001,0.030720954267572542
1590,7033.04,0.030511200255773
1591,7049.25,0.03146628919079954
1592,7065.5,0.03042992872159419
1593,7081.79,0.03083039884815695
1594,7098.12,0.02988093957048782
1595,7114.48,0.030073563239644774
1596,7130.88,0.030132977504569832
1597,7147.320000000001,0.029662432365263003
1598,7163.79,0.02985322017278226
1599,7180.3099999999995,0.02906335622501165
1600,7196.860000000001,0.028357645224067123
1601,7213.45,0.028413234818890708
1602,7230.08,0.0294314150094824
1603,7246.75,0.02916392579584221
1604,7263.45,0.029810919529028094
1605,7280.2,0.029475301506924116
1606,7296.98,0.028822436431646222
1607,7313.8,0.029855771952136435
1608,7330.66,0.030383618068394763
1609,7347.5599999999995,0.030784874780421197
1610,7364.500000000001,0.030034592088215746
1611,7381.47,0.030565322342836373
1612,7398.49,0.030086130842167137
1613,7415.549999999999,0.029878989937266013
1614,7432.64,0.03020565197919097
1615,7449.77,0.030265914616884042
1616,7466.95,0.03039315549928724
1617,7484.16,0.030318219328516534
1618,7501.41,0.02977670375351393
1619,7518.709999999999,0.029902026423221467
1620,7536.040000000001,0.030296552039755082
1621,7553.410000000001,0.03042382825205681
1622,7570.83,0.030281772709068674
1623,7585.77575,0.03027499564980856
1624,7588.28,0.030274040554753294
1625,7605.7699999999995,0.029339798783129763
1626,7623.299999999999,0.0297280704894442
1627,7640.88,0.028939214043181095
1628,7658.49,0.02932172270537147
1629,7676.14,0.02612026484549981
1630,7693.839999999999,0.02841105883305061
1631,7711.58,0.02729248629853938
1632,7729.35,0.028336298872481624
1633,7747.17,0.028519463293846328
1634,7765.030000000001,0.028198231193149
1635,7782.93,0.02720810257038964
1636,7800.87,0.027998717425568247
1637,7818.86,0.028179964128169314
1638,7836.88,0.028298915939223863
1639,7854.9400000000005,0.02841975122821637
1640,7873.05,0.028224048364631344
1641,7891.200000000001,0.028280628978984285
1642,7909.389999999999,0.02808680307127519
1643,7927.63,0.02746314901098856
1644,7945.900000000001,0.0274564100591554
1645,7964.219999999999,0.027819032954744707
1646,7982.58,0.028061609328271973
1647,8000.98,0.027868759179737215
1648,8019.42,0.027862942509140422
1649,8037.910000000001,0.027732347685966087
1650,8056.4400000000005,0.027665126340729724
1651,8075.01,0.028155228473431326
1652,8093.62,0.0277138940840709
1653,8112.28,0.02820493154213293
1654,8130.98,0.028324642478132926
1655,8149.73,0.027818025261555385
1656,8168.52,0.02695912152291581
1657,8187.349999999999,0.027012751262214207
1658,8206.22,0.024986234479450566
1659,8225.130000000001,0.027607431174624896
1660,8244.1,0.027478648086706182
1661,8263.1,0.02765600010724094
1662,8282.15,0.026981253975198155
1663,8301.24,0.02685440132109334
1664,8320.380000000001,0.027027890514410985
1665,8339.56,0.026544893185666597
1666,8358.79,0.027196347704344672
1667,8378.050000000001,0.02712998733147622
1668,8397.369999999999,0.02576931717551472
1669,8416.73,0.02699611049749119
1670,8436.13,0.026571647297405628
1671,8455.57,0.025865657575258032
1672,8475.06,0.025973959700532897
1673,8494.6,0.026612203673230223
1674,8514.19,0.02625187949335001
1675,8533.81,0.026480190421923264
1676,8553.49,0.02028941156740348
1677,8573.199999999999,0.026408597821337167
1678,8592.97,0.026109644292177808
1679,8612.78,0.025871194240956415
1680,8632.63,0.02592275766767299
1681,8652.53,0.025974302941812025
1682,8672.47,0.01900041169388903
1683,8692.47,0.025276310662872985
1684,8709.6359,0.025270231027823935
1685,8712.51,0.025269373449051287
1686,8732.59,0.025775499589724162
1687,8752.720000000001,0.024978880367201504
1688,8772.9,0.02542259578148331
1689,8793.119999999999,0.025587636905208686
1690,8813.39,0.024687092665738528
1691,8833.710000000001,0.02457155306307283
1692,8854.07,0.025175829169850707
1693,8874.48,0.023440189913433048
1694,8894.94,0.02477563529381985
1695,8915.45,0.025103065311011124
1696,8936.0,0.024381081037645965
1697,8956.6,0.02437603140108527
1698,8977.25,0.023727666401329037
1699,8997.94,0.02204583711101638
1700,9018.69,0.02314413138486908
1701,9039.47,0.024626962440804454
1702,9060.31,0.02568740706090519
1703,9081.2,0.023754276317810383
1704,9102.130000000001,0.024068541284159153
1705,9123.11,0.02460473088731239
1706,9144.14,0.022654585127270088
1707,9165.23,0.022053402931393143
1708,9186.35,0.022795567517598876
1709,9207.53,0.02377473566796997
1710,9228.76,0.023453158455145524
1711,9250.03,0.02355293695176465
1712,9271.35,0.02381042008518824
1713,9292.73,0.023699476782777194
1714,9314.15,0.02358853918980971
1715,9335.62,0.023530536233646693
1716,9357.140000000001,0.023420527914288145
1717,9378.710000000001,0.02325855423173406
1718,9400.33,0.023305385185984434
1719,9422.0,0.023144350777039278
1720,9443.72,0.022985191004898584
1721,9465.49,0.022979065869562353
1722,9487.31,0.022871895371030588
1723,9509.18,0.022663599509303287
1724,9531.1,0.022357098284380452
1725,9553.07,0.021426131696262077
1726,9575.1,0.02224654867230906
1727,9597.17,0.02243971135779962
1728,9619.29,0.02233533868009464
1729,9641.46,0.02213178063919413
1730,9663.69,0.022076476162458968
1731,9685.970000000001,0.022071236322528276
1732,9708.3,0.021967741119402046
1733,9730.68,0.02186429055308028
1734,9753.11,0.021761724623562982
1735,9775.59,0.021707393330850144
1736,9798.130000000001,0.021557585602302667
1737,9820.72,0.021600492510559652
1738,9843.35,0.021450715128260207
1739,9866.04,0.021350061310126123
1740,9888.789999999999,0.021249351056157394
1741,9911.58,0.021149626511632238
1742,9934.43,0.021144325531272438
1743,9957.34,0.021044548115077992
1744,9980.29,0.020992036408327124
1745,10000.0,0.020750612197567502
1746,10026.349999999999,0.020428951972206334
1747,10072.64,0.020060322353953705
1748,10119.130000000001,0.020275509602764148
1749,10165.83,0.02004194306199081
1750,10236.31,0.01993903501501641
1751,10283.55,0.01979709301531336
1752,10307.26,0.019661376105640217
1753,10498.88,0.018896873438766847
1754,10694.08,0.01808202569232241
1755,10892.89,0.017169680896366377
1756,11095.4,0.016779463141077124
1757,11301.68,0.016146197829926726
1758,11481.5362,0.01580124577064425
1759,11511.789999999999,0.0157441720537418
1760,11698.84,0.015189859406713064
1761,11888.95,0.014655282017102624
1762,12109.970000000001,0.014200896590498556
1763,12306.74,0.013822911231739699
1764,12506.710000000001,0.013424966338254875
1765,12709.93,0.013039200198563996
1766,12886.740000000002,0.01266473806265835
1767,13096.140000000001,0.012381720384027947
1768,13182.5674,0.012236799957461944
1769,13308.93,0.012027758174568106
1770,13494.08,0.01181587401972234
1771,13713.34,0.011530839322495863
1772,13904.11,0.011253709173860019
1773,14097.539999999999,0.010983147789729229
1774,14293.65,0.010766414935250141
1775,14492.5,0.010646939905862724
1776,14694.11,0.01043674946671363
1777,14898.51,0.010320999265522844
1778,15105.77,0.010183480480303653
1779,15135.6125,0.010180043697649892
1780,15315.92,0.010161233500671224
1781,15493.269999999999,0.010072275617803886
1782,15708.81,0.009854519306254826
1783,15890.71,0.009620741321515225
1784,16111.77,0.009578697033628823
1785,16298.32,0.009495399856865915
1786,16487.05,0.009210233714810362
1787,16716.41,0.00903167294438774
1788,16909.98,0.008742242439021908
1789,17105.8,0.008536122905257702
1790,17303.86,0.008174801352110227
1791,17378.0083,0.008116566003476381
1792,17504.23,0.008017863869742849
1793,17706.93,0.007780225524575768
1794,17911.969999999998,0.0075663930629425264
1795,18119.36,0.0072649165099864296
1796,18287.03,0.007126842087814922
1797,18498.79,0.006932304522483986
1798,18712.98,0.00667231006697665
1799,18886.13,0.00653255542333738
1800,19104.829999999998,0.006382527307461501
1801,19281.59,0.00617080174055606
1802,19504.870000000003,0.005929247140314788
1803,19685.35,0.005818704926719551
1804,19913.3,0.00566293706840265
1805,19952.6231,0.00564049510641236
1806,20097.550000000003,0.005557283163625525
1807,20283.51,0.005386032662216692
1808,20518.390000000003,0.005285962992121472
1809,20708.23,0.005134446828928026
1810,20899.85,0.0050187359858437025
1811,21093.22,0.004905948491181268
1812,21288.399999999998,0.004786171288315187
1813,21485.39,0.0046791453772454614
1814,21684.18,0.004519120767409679
1815,21884.83,0.004454976402182303
1816,22087.31,0.004338594309876105
1817,22291.690000000002,0.004234205424427957
1818,22497.97,0.00414095874583786
1819,22706.12,0.004041954302418582
1820,22908.6765,0.0037639982221587907
1821,22916.23,0.0037536124812342
1822,23075.070000000003,0.0037233678982394824
1823,23288.59,0.0033999841077519974
1824,23504.079999999998,0.0032756351042293854
1825,23721.55,0.0032940158510572546
1826,23885.99,0.0030897457640032926
1827,24106.99,0.0030302725859509593
1828,24274.11,0.003006516686240073
1829,24498.7,0.002876936363621188
1830,24725.39,0.0028597643519800865
1831,24896.77,0.002617870854538418
1832,25127.15,0.0025928433321868497
1833,25301.309999999998,0.002582665655944341
1834,25476.7,0.0025534954761316777
1835,25712.42,0.002552631401695044
1836,25890.66,0.0025054067867808
1837,26070.11,0.002477260741525184
1838,26302.679900000003,0.002428778839193126
1839,26311.35,0.0024269365075624246
1840,26493.72,0.002407867654074478
1841,26677.38,0.0023587508774577308
1842,26924.23,0.002331347021376689
1843,27110.850000000002,0.0022964694754101346
1844,27298.76,0.002258088006314779
1845,27488.0,0.002220452306396706
1846,27678.530000000002,0.0021874336833498324
1847,27870.4,0.002158847752556762
1848,28128.26,0.0021188892037252555
1849,28323.260000000002,0.002087631195883233
1850,28519.57,0.002049658111065452
1851,28717.28,0.0020054372569606
1852,28916.32,0.001983030172033031
1853,29116.780000000002,0.0019506911639714324
1854,29318.590000000004,0.0019156987712401583
1855,29521.829999999998,0.0018814503784513761
1856,29726.45,0.001851064370222481
1857,29932.52,0.0018212342080891199
1858,30070.68,0.0017895644333021776
1859,30199.5172,0.0017681932093796269
1860,30279.1,0.00175486423158791
1861,30489.0,0.0017324131059144072
1862,30700.33,0.0017073976808616139
1863,30913.149999999998,0.0016771743984136155
1864,31127.42,0.0016503356305810216
1865,31271.08,0.0016272725544768988
1866,31487.859999999997,0.0015988064429785572
1867,31706.11,0.0015733486600903153
1868,31925.910000000003,0.0015509944617909542
1869,32073.260000000002,0.0015271410677081022
1870,32295.600000000002,0.0015055192467350361
1871,32519.45,0.0014889833823614601
1872,32669.54,0.0014827705055518556
1873,32896.01,0.0014999352744833555
1874,33124.020000000004,0.0014809057210063885
1875,33276.9,0.0014126013964567694
1876,33507.58,0.0013753906112716164
1877,33662.24,0.001346396032249873
1878,33895.6,0.0013215443223538817
1879,34130.53,0.0012992385110414662
1880,34288.06,0.0012800613402584892
1881,34525.75,0.0012604972602140163
1882,34673.685,0.001243335688714155
1883,34685.1,0.0012420067894652197
1884,34925.549999999996,0.001223017596623161
1885,35086.75,0.0012051472960153847
1886,35329.94,0.0011850546986468663
1887,35493.04,0.0011695849496448293
1888,35739.049999999996,0.0011501829709753561
1889,35904.04,0.0011352517706758707
1890,36069.75,0.0011189438794059286
1891,36319.76,0.0011036971620116966
1892,36487.43,0.001086378739766623
1893,36740.33,0.0010716234613937527
1894,36909.909999999996,0.0010549187936576068
1895,37080.31,0.0010414749639828852
1896,37337.310000000005,0.0010259624759171371
1897,37509.64,0.0010087399065577196
1898,37682.81,0.0010001247810661027
1899,37856.73,0.0009861461733135933
1900,38119.12,0.0009728954500662331
1901,38295.1,0.0009606725403704731
1902,38471.85,0.0009486311542201971
1903,38738.549999999996,0.0009346585822469094
1904,38917.35,0.0009229939912501944
1905,39096.97,0.0009115010383149039
1906,39277.42,0.0009013698263442263
1907,39458.74,0.0008890292669509134
1908,39732.24,0.0008771537691455357
1909,39810.7171,0.0008720388310948296
1910,39915.66,0.0008652738120452002
1911,40099.89,0.0008547555734348634
1912,40284.97,0.0008454578881990106
1913,40470.91,0.0008341588663773418
1914,40657.740000000005,0.0008261772380889563
1915,40939.55,0.0008163868668693991
1916,41128.5,0.0008075551669973742
1917,41318.37,0.0007988282907777321
1918,41509.08,0.0007892341578928743
1919,41700.66,0.0007797644984619003
1920,41893.18,0.0007713819827627087
1921,42086.53,0.0007630868003586017
1922,42280.78,0.0007558130215274779
1923,42475.97,0.0007467926864281366
1924,42672.020000000004,0.0007387942147429791
1925,42868.969999999994,0.000722276346630805
1926,43066.87,0.0007071292322901131
1927,43265.65,0.0007045286014430047
1928,43465.340000000004,0.0006890911842085793
1929,43665.950000000004,0.0006795120906265369
1930,43867.54,0.0006723611809350762
1931,44070.0,0.0006586655446974992
1932,44273.41,0.0006532081622314045
1933,44477.799999999996,0.0006463720636558916
1934,44683.08,0.0006347577586136619
1935,44889.32,0.0006322126173826145
1936,45096.55,0.0006242460700818485
1937,45304.69,0.0006150903363937655
1938,45513.79,0.0006118960665168646
1939,45708.818999999996,0.0006065457935171103
1940,45723.86,0.0006061419472248031
1941,45934.95,0.0005961382506202182
1942,46146.96000000001,0.0005943547145070056
1943,46253.33,0.0005885192758844764
1944,46466.86,0.0005830765527570095
1945,46681.33,0.0005788728218707272
1946,46896.78,0.0005740847467252546
1947,47113.23,0.0005681546590704041
1948,47330.73,0.0005657486382807067
1949,47549.19,0.0005593103414820067
1950,47658.79,0.0005555544304541868
1951,47878.81,0.0005509073101408571
1952,48099.79,0.0005440888138185247
1953,48321.79,0.0005422213367366267
1954,48544.82,0.0005365568947700696
1955,48656.77,0.0005318837143452116
1956,48881.35,0.0005273777329891185
1957,49106.96,0.0005223623867483664
1958,49333.60999999999,0.0005178955914978611
1959,49447.38,0.0005139062003059352
1960,49675.6,0.0005104842974157066
1961,49904.88,0.0005055798772655375
1962,50135.27,0.0005009494192299588
1963,50250.83,0.0004971999696462465
1964,50482.76,0.0004907333563462257
1965,50715.76,0.0004861943416611707
1966,50832.670000000006,0.00048393543518979816
1967,50949.9,0.00048167403671542483
1968,51067.340000000004,0.00047851337161408197
1969,51185.049999999996,0.0004753787351352073
1970,51303.04,0.0004731391431537066
1971,51421.29,0.0004704724639197677
1972,51539.83,0.0004678125450581092
1973,51658.689999999995,0.00046602853419344984
1974,51777.759999999995,0.0004642428567018211
1975,51897.11,0.0004607449237075664
1976,52016.74,0.0004581231352106861
1977,52136.64,0.0004559336753362736
1978,52256.82,0.0004529010599592353
1979,52377.27,0.00045072587320466506
1980,52480.746,0.0004488600234968583
1981,52498.07,0.0004485708086527342
1982,52619.08,0.0004469684319479425
1983,52740.369999999995,0.00044495777417152577
1984,52861.94,0.00044214213532348394
1985,52983.79,0.00043935291540381726
1986,53105.92,0.00043696791441252554
1987,53228.39,0.0004349868078342606
1988,53351.090000000004,0.0004330133739471608
1989,53474.060000000005,0.000431038129740994
1990,53597.33,0.00042868276295808625
1991,53720.869999999995,0.00042672238585611153
1992,53844.700000000004,0.0004247599569299536
1993,53968.82,0.00042280477617961276
1994,54093.280000000006,0.00042047878984229867
1995,54217.97,0.00041817027619614976
1996,54342.95,0.00041585951072581784
1997,54468.21,0.0004142931641838609
1998,54593.759999999995,0.0004123562658177209
1999,54719.6,0.00041006781562739783
2000,54845.740000000005,0.00040814564286033365
2001,54972.22,0.00040622106450629637
2002,55098.94,0.0004039547880908662
2003,55225.939999999995,0.0004023950306038111
2004,55353.24,0.0004015321505400147
2005,55480.840000000004,0.0003985793478994773
2006,55608.72,0.00039633316418731507
2007,55736.97,0.0003951140626305054
2008,55865.44,0.0003932132045174189
2009,55994.219999999994,0.00039131955307503336
2010,56123.29,0.0003897545498084647
2011,56252.659999999996,0.0003875356239651551
2012,56382.32000000001,0.0003856452462976623
2013,56512.29,0.0003844233753008705
2014,56642.62,0.00038285885721198935
2015,56773.17999999999,0.00038097161181427353
2016,56904.05,0.0003787702730872583
2017,57035.21000000001,0.00037753068253606017
2018,57166.689999999995,0.000376298027903005
2019,57298.46,0.00037473282144576673
2020,57430.6,0.00037317439714388114
2021,57562.98,0.00037161437478060264
2022,57695.670000000006,0.000370052059088025
2023,57828.66,0.00036879942081870633
2024,57961.96,0.0003678561892200886
2025,58095.57,0.00036628736429217176
2026,58229.48,0.0003650282167875137
2027,58363.77,0.0003640780806856505
2028,58498.299999999996,0.0003631262465223943
2029,58633.14,0.000361851119029839
2030,58768.3,0.00036089472745542647
2031,58903.759999999995,0.00036023861330427307
2032,59128.170000000006,0.0003948785551493907
2033,59437.420000000006,0.00037301333229213223
2034,59746.66,0.0002567587301874319
2035,60055.899999999994,0.0003381910280827316
2036,60255.9586,0.00034307619524557366
2037,60365.149999999994,0.0003459594925133406
2038,60674.39,0.0003118991881910491
2039,60983.63,0.0003417734438687576
2040,61292.88,0.00044691806866610387
2041,61602.119999999995,0.0005526484443438124
2042,61911.35,0.0007113176709018832
2043,62220.6,0.0006873462956992295
2044,62529.84,0.000623019171376938
2045,62839.08,0.0004997737470546465
2046,63148.33,0.0005815380718519927
2047,63457.57,0.00044492554752970125
2048,63766.82,0.0003898654723270475
2049,64076.060000000005,0.00038201014800475603
2050,64385.3,0.0003739469236824645
2051,64694.55,0.0004291851484798108
2052,65003.78999999999,0.0003165860241575194
2053,65313.030000000006,0.0003063499998352279
2054,65622.28,0.0003685694246325741
2055,65931.51,0.00035225935119064493
2056,66240.75,0.0003255013268683534
2057,66550.01000000001,0.0003604956007853374
2058,66859.24,0.0003878665273434082
2059,67000.0,0.00039135565643535705
2060,67168.48,0.00039569366604614805
2061,67477.73,0.00046903571163819344
2062,67786.97,0.000401236298509282
2063,68096.22,0.00038352264410132736
2064,68405.45999999999,0.00040010023097241597
2065,68714.7,0.00031268021784350443
2066,69023.95,0.00026855395343554985
2067,69242.2916,0.0002739625651024671
2068,69333.18,0.000276258908099274
2069,69642.43,0.0002754185832254344
2070,69951.67,0.00036498209468869674
2071,70260.91,0.00047115280615195895
2072,70570.16,0.00032160428127811947
2073,70879.4,0.0003539781927413818
2074,71188.64,0.00026715500420464405
2075,71497.89,0.00033603057933080454
2076,71559.6261,0.00032982227450968605
2077,71807.13,0.0003053036684395518
2078,72116.38,0.0002662996460085273
2079,72425.62000000001,0.00023879970492988529
2080,72734.86,0.00035528844385124335
2081,73044.11,0.00041720242142021874
2082,73353.34999999999,0.0004078322203415768
2083,73662.59,0.00034968941926293484
2084,73954.515,0.00035098330786220136
2085,73971.84,0.00035109447939211036
2086,74281.08,0.0005146533846867021
2087,74590.31999999999,0.0005130858899812937
2088,74899.56,0.0004606011952758854
2089,75188.56999999999,0.0005765901487236603
2090,75208.81,0.00044911489906372806
2091,75518.05,0.0006939901043583197
2092,75808.27,0.0005664361754894682
2093,75827.29,0.0006813511096529114
2094,76427.99,0.0005545723992417782
2095,76429.5536,0.0005545572434428678
2096,77047.71,0.0005502187511233258
2097,77667.43,0.000534967784774249
2098,78287.14,0.0004894027931874251
2099,78906.87,0.00042573815207609515
2100,78987.42450000001,0.00042747882762218825
2101,79526.58,0.00043982401453957474
2102,80146.3,0.00041718151739744095
2103,80766.03,0.00033783115837902205
2104,81385.74,0.0003979313231131734
2105,81630.8998,0.0003814248479024647
2106,82005.45,0.0003564121335584764
2107,82625.17000000001,0.0003819756264446351
2108,83244.89,0.00038533951933079365
2109,83864.62,0.0003749965558284685
2110,84362.84430000001,0.0003477170643876879
2111,84484.33,0.00034073626028466547
2112,85104.05,0.000403824537469906
2113,85723.76999999999,0.0004180928146551465
2114,86343.5,0.0003946125083668375
2115,86963.2,0.0004042897524991773
2116,87186.21900000001,0.0003831425970274717
2117,87582.92000000001,0.0003452365179831188
2118,88202.64,0.0003255824434958679
2119,88822.36,0.000292495419008617
2120,89442.07,0.0003068774853055023
2121,90061.79,0.0002644477008182514
2122,90104.0836,0.00026661803810341586
2123,90681.51000000001,0.0002957856570764422
2124,91301.23,0.00029537744846945774
2125,91920.95,0.0003011662398624733
2126,92540.67,0.0002444677412554889
2127,93119.6005,0.000252967731839937
2128,93160.39,0.00025343898412302535
2129,93780.09999999999,0.0002593603593899068
2130,94399.82,0.00028390185455472866
2131,95019.53,0.00027608505982161015
2132,95639.26000000001,0.0002460375348843724
2133,96236.03790000001,0.00026019911968026496
2134,96258.97,0.0002607185912411373
2135,96878.68999999999,0.00027865421966238093
2136,97498.42,0.00024870316720675123
2137,98118.14,0.00021038438562799477
2138,98737.84999999999,0.0002357885549261114
2139,99357.57,0.00021378590334735482
2140,99456.7731,0.00021648147831105955
2141,99977.25000000001,0.00023089651407539566
2142,100597.02,0.00023956814050124102
2143,101216.69,0.00020741764334213938
2144,101836.47,0.00021119495412647943
2145,102456.15000000001,0.00020815785132587245
2146,102785.297,0.00020780648738179274
2147,103075.92,0.00020738836106280604
2148,103695.60999999999,0.00022757989784704633
2149,104315.28,0.0002083027133388086
2150,104935.05,0.00023550331529296076
2151,105554.72,0.00021215561078472304
2152,106174.51000000001,0.00022496989403135326
2153,106225.216,0.00022390096483540284
2154,106794.18000000001,0.0002123959103019865
2155,107413.86,0.00023246000600286133
2156,108033.62999999999,0.00022926916490750762
2157,108653.32,0.00018861999985324583
2158,109273.08,0.00022040329951302857
2159,109780.26,0.0002410996333075182
2160,109892.76000000001,0.00024571063069187145
2161,110512.53000000001,0.00026116555328434266
2162,111132.22,0.0002861617075211215
2163,111751.89,0.00040719201966897734
2164,112371.67,0.00046523201330591
2165,112991.34000000001,0.0004021388254537658
2166,113454.28,0.00035865257742104825
2167,113611.12000000001,0.0003439713996207895
2168,114230.79,0.00028249900485128693
2169,114850.56999999999,0.00025640372774695346
2170,115470.24,0.00021632782297745083
2171,116089.92000000001,0.00022110431254114535
2172,116709.70000000001,0.0002053275754368118
2173,117251.259,0.0002128759993240034
2174,117329.38,0.00021399709370864884
2175,117949.14,0.00020101339971667897
2176,118568.82,0.00021051461806548513
2177,119188.6,0.00021094599098832122
2178,119808.28000000001,0.00021152863933712735
2179,120427.95,0.00018904188922853053
2180,121047.74,0.00016814468060876966
2181,121175.312,0.0001738885601171307
2182,121667.41,0.0001962185921209673
2183,122287.18000000001,0.00016834545480073947
2184,122906.85,0.00019199041764691533
2185,123526.54,0.00019531950445981046
2186,124146.31,0.00018272243713958263
2187,124765.99,0.00018019561196911809
2188,125230.691,0.0002008715881050439
2189,125385.76000000001,0.00020778434100773082
2190,126005.43999999999,0.00022433876032247195
2191,126625.21,0.00021542502518126535
2192,127244.89,0.00023873374449600644
2193,127864.57,0.00024902506381074753
2194,128484.34,0.00023407492866954097
2195,129104.01999999999,0.00019228721798428207
2196,129421.79100000001,0.0001761983795024651
2197,129723.79999999999,0.00016101358080880844
2198,130343.47,0.00013782077139069918
2199,130963.14,0.0001482247719725899
2200,131582.91999999998,0.00017576943238497753
2201,132202.59,0.00015656498296686826
2202,132822.38,0.00013166027972748287
2203,133442.05000000002,0.0001348924003093736
2204,133753.155,0.00013548911377275543
2205,134061.81,0.0001362058358703781
2206,134681.5,0.00014434264644541965
2207,135301.19,0.0001508149770204612
2208,135920.95,0.00012714034031563738
2209,136540.63,0.00013279649050208827
2210,137160.41,0.0001423001345744458
2211,137780.09,0.00013402351476089668
2212,138229.477,0.00013765409192543685
2213,138399.86,0.00013906146242760083
2214,139019.53,0.00014390406581253694
2215,139639.2,0.00011745768919747297
2216,140258.98,0.0001025936867763709
2217,140878.66999999998,9.418743456020917e-05
2218,141498.44,0.000111752629939656
2219,142118.11000000002,0.0001290562433245921
2220,142737.89,0.00012830638090349
2221,142855.609,0.00012806740059729686
2222,143357.56,0.00012734316592650922
2223,143977.22999999998,0.00013305601164647593
2224,144597.03,0.00011861736230204319
2225,145130.27,0.00011085715199157963
2226,146045.36,0.00010565701982782205
2227,146960.55,0.0001039039383837572
2228,147636.563,9.897873330150928e-05
2229,147875.66,9.724678180190492e-05
2230,148790.73,0.00010646746807369011
2231,149705.83,0.00010236846981979768
2232,150621.02,9.394291798887226e-05
2233,151536.13,0.0001008718582264206
2234,152451.2,9.242176449820579e-05
2235,152577.522,9.276700752374678e-05
2236,153366.41,9.496985119005562e-05
2237,154281.5,0.00011565911984024282
2238,155196.58,0.0001473272194059831
2239,156111.69,0.00014658972622506406
2240,157026.88,0.00011673500571972008
2241,157683.84,9.970931011341591e-05
2242,157941.97,9.300972597867868e-05
2243,158857.05,0.00010177435449593389
2244,159772.25,9.694532741566983e-05
2245,160687.34,9.511938463313176e-05
2246,161602.43999999997,0.00011296502055080043
2247,162517.63,0.00010827580477032963
2248,162961.05099999998,0.00011126815015262431
2249,163432.72,0.0001144188144543766
2250,164347.8,0.00013076401347037695
2251,165262.91,0.00012695016653211153
2252,166178.11,0.00012507475173104883
2253,167093.19,0.00011012055074704919
2254,168008.28,0.00011965190777829432
2255,168414.875,0.00011791496159550282
2256,168923.37999999998,0.00011574731123392283
2257,169838.56,0.00011724986635958936
2258,170753.67,0.00012412847473865
2259,171668.77,0.00011929332501105266
2260,172583.95,0.0001236959801367192
2261,173499.05,0.00012434552040912185
2262,174051.222,0.00011760657830950707
2263,174414.14,0.00011312470761877243
2264,175329.33,0.00010397851277553233
2265,176244.41999999998,0.00010551076137724284
2266,177159.52000000002,9.80678066344583e-05
2267,178074.59000000003,0.00010182002192515891
2268,178989.80000000002,0.00010128154039292872
2269,179876.201,0.0001037613191869214
2270,179904.89,0.00010384153727742747
2271,180819.97,9.592304858868066e-05
2272,181735.17,8.810275959149888e-05
2273,182650.27,9.910860418467957e-05
2274,183565.34,8.212232885496898e-05
2275,184480.55,8.599313649875097e-05
2276,185395.63999999998,0.0001036012144509679
2277,185896.125,0.00011296128753100955
2278,186310.73,0.00012068318219463524
2279,187225.81000000003,0.00014384407508054488
2280,188141.02,0.00011308000424959393
2281,189056.11000000002,0.00010320050300343738
2282,189971.19999999998,8.862888175728084e-05
2283,190886.41,9.200573092632986e-05
2284,191801.5,8.888903968017333e-05
2285,192117.51799999998,8.845407932016853e-05
2286,192716.56,8.760177263795759e-05
2287,193631.67,8.696484798546318e-05
2288,194546.88,8.800275737186546e-05
2289,195461.95,7.86126511038124e-05
2290,196377.06000000003,9.049339645131796e-05
2291,197292.25,8.754202502994093e-05
2292,198207.34000000003,7.096484456966718e-05
2293,198547.123,7.427595766452723e-05
2294,199122.44,7.987033846170023e-05
2295,200037.55000000002,9.448196833644208e-05
2296,200952.72999999998,9.041293458308597e-05
2297,201867.81,9.568473886986984e-05
2298,202782.91,8.366644354862569e-05
2299,204796.03,9.190503788202863e-05
2300,205191.907,9.16522418487727e-05
2301,206557.86,9.087352738611451e-05
2302,208320.77000000002,9.62394530208791e-05
2303,210084.58000000002,8.922714792944172e-05
2304,211849.47999999998,9.7622723847382e-05
2305,212059.073,9.759323268725397e-05
2306,213615.41,9.734329299000974e-05
2307,215382.42,9.870671738716137e-05
2308,217150.31,8.943573179499178e-05
2309,218919.31,9.868053689811017e-05
2310,219156.062,9.794274594924482e-05
2311,220689.34,9.324075481220288e-05
2312,222460.44,8.706415480980349e-05
2313,224232.55000000002,8.666943885635536e-05
2314,226005.63999999998,9.351609841575103e-05
2315,226490.56699999998,9.283479120754805e-05
2316,227779.81,9.103985666393112e-05
2317,229555.02,8.878572360284377e-05
2318,231331.2,8.672112222349022e-05
2319,233108.49999999997,8.403923711582941e-05
2320,234070.535,8.635357181369177e-05
2321,234886.8,8.832743122451013e-05
2322,236666.19,9.374855620863809e-05
2323,238446.66,8.668847573425659e-05
2324,240228.14,8.978500478478755e-05
2325,241904.18300000002,9.087092555441425e-05
2326,242010.63,9.09425601016753e-05
2327,243794.19999999998,8.819874573702554e-05
2328,245578.78,8.120645620010429e-05
2329,247364.56,8.297643843870205e-05
2330,249151.23,8.133305532747638e-05
2331,250000.0,8.4185031006118e-05
2332,250938.97999999998,8.736922261519083e-05
2333,252727.86,8.686690313791041e-05
2334,254517.83,8.580124571894011e-05
2335,256308.80000000002,8.64262274360341e-05
2336,258100.84,8.811552722871692e-05
2337,259894.02,9.245612403651303e-05
2338,261688.27,8.041129891989796e-05
2339,263483.52999999997,8.274198993070783e-05
2340,265279.84,8.094987503438523e-05
2341,267077.33999999997,8.197720210997918e-05
2342,268875.75,8.235055539939162e-05
2343,270675.41,8.127632260888446e-05
2344,272476.06,8.036142196308096e-05
2345,274277.81,7.77675403669482e-05
2346,275422.87,7.848501695265868e-05
2347,276080.66000000003,7.893850610222249e-05
2348,277884.58999999997,8.127222772374919e-05
2349,279689.62,8.383241750683629e-05
2350,281495.72,8.017178259253216e-05
2351,283302.97000000003,7.618305393804117e-05
2352,285111.31,7.681250582546007e-05
2353,286920.75,8.00640758744394e-05
2354,288731.25,7.808482360637691e-05
2355,290542.88,8.204436235882651e-05
2356,292355.58999999997,7.963948403353542e-05
2357,294169.41000000003,7.816861148945528e-05
2358,295984.34,7.769124472658612e-05
2359,297800.44,7.828673946283123e-05
2360,299617.66000000003,8.067304759993783e-05
2361,301435.84,7.817239722349717e-05
2362,303255.25,7.860745406407407e-05
2363,305075.75,7.878436144656083e-05
2364,306897.47000000003,8.038835842641458e-05
2365,308720.19,7.990819737132327e-05
2366,310544.09,8.274728543499675e-05
2367,312369.16000000003,7.94231549977845e-05
2368,314195.27999999997,7.854258462387995e-05
2369,316022.56,7.576865812943907e-05
2370,316227.766,7.620505324274422e-05
2371,317851.02999999997,7.975986918501624e-05
2372,319680.5,7.84964748168424e-05
2373,321511.19,7.983447727068303e-05
2374,323343.13,8.045051130445653e-05
2375,325176.06,7.885400234953687e-05
2376,327010.13,8.015266419551597e-05
2377,328845.44,7.979702936878848e-05
2378,330681.91,8.432317184823871e-05
2379,332519.47000000003,9.460020386539037e-05
2380,334358.13,0.00012326107367288298
2381,336198.0,0.00011379906204975058
2382,338039.08999999997,9.220646724863268e-05
2383,339881.34,8.059870975369247e-05
2384,341724.69,7.735479004909318e-05
2385,343569.16,7.912963464011376e-05
2386,345414.91000000003,8.940713556898557e-05
2387,347261.77999999997,0.00011862580079347725
2388,349109.81,0.0001323405233241466
